5022
3523
3053
8024
7253
4537
226
7742
465
7704
7793
4345
9064
1355
7823
1061
8187
1698
8310
4277
1890
8336
4203
8521
9412
7956
8180
9256
3956
942
5360
776
3685
9534
4153
9218
7820
285
6246
8765
1643
8040
2300
2489
2970
3433
6367
7958
9252
990
1267
1729
8811
324
9198
6163
1967
8612
6703
6596
7751
8595
790
6848
9806
2640
3492
6309
627
101
5401
2353
6810
2132
4881
7757
9192
5418
8513
3935
859
3855
100
7323
2884
5119
84
8042
2334
7278
4578
7090
9622
9118
3387
744
2588
6706
9371
8597
2824
7853
7288
4721
5714
5597
8875
9794
9413
1624
2308
5736
9576
605
8455
3377
6000
6848
3334
7992
4588
5376
6073
7155
2999
539
4318
302
1216
6659
4520
9624
8879
6794
2821
7481
9669
7738
3362
6398
9303
1574
4756
3862
7777
6761
2191
5675
8353
4574
2174
8372
5512
9971
9283
3393
1590
9463
9449
3064
7137
2405
2279
1246
3169
6292
5722
9526
4461
1080
9971
3214
1725
2351
3933
84
7175
8221
6802
8790
2275
275
9322
3206
8744
4561
4194
3543
3846
4666
2721
5030
8834
5248
5283
207
5069
1054
6517
1414
5746
3412
2181
5935
2454
3454
3608
7447
4843
8922
7355
3905
8578
9322
2235
3811
1433
2364
3235
9925
9916
3205
2013
1921
9103
6801
6639
7211
6536
2861
9029
2255
6953
2334
7135
4996
8383
4148
362
2787
1741
1009
920
9138
5388
3460
853
6934
3387
2116
4335
5390
1119
9020
7511
2939
4824
408
3610
8495
2201
4792
9376
9096
9679
2288
9941
2774
8244
3322
3207
1737
3741
7500
1500
2361
9488
6285
7841
5389
8720
6355
6484
1763
1899
4038
2583
7023
9243
5053
3799
9899
1954
7954
7458
8800
6596
4108
481
3283
5814
1841
5705
6235
5154
7452
7465
6526
148
1221
1337
1191
8
2219
7784
797
4296
1772
7142
1616
6741
1781
3825
3438
6033
708
958
2440
6846
7056
2718
4373
5631
7397
588
4538
4752
3627
1481
7482
5469
2002
190
1187
4937
4729
6008
7613
4900
3434
3517
3916
113
2614
509
6379
2612
403
1832
2175
3946
3363
6500
2425
1207
1866
6876
3729
4296
2660
2945
4303
1222
5646
1711
5196
5452
2588
1658
6651
4322
6526
4823
4641
342
1965
4556
2808
7890
7599
5305
640
6183
5273
1869
9550
5739
1159
9497
4726
9560
7721
2913
2107
2179
7938
1914
6641
9411
6467
3520
120
9150
5957
5831
4290
8877
553
6734
7704
8675
2799
1365
2830
9519
4583
5870
3287
5326
7578
1405
9796
3860
3684
1535
7378
5957
1405
8258
5684
4729
9796
6719
8938
6418
7635
6335
1898
2402
1823
6556
3514
7476
5675
8755
483
2990
4681
1852
8800
4675
4665
8202
2560
4072
4791
7984
5790
9354
5798
4896
4862
6037
2059
3281
6185
565
4576
7021
6299
121
859
3463
9219
91
6799
1470
8967
6606
5091
1276
3572
5321
4563
5251
505
9165
4823
2890
2529
7188
1067
413
7218
3824
4580
5183
3049
2898
5509
7838
9885
3524
5800
506
1913
5689
1869
7751
6663
1751
8512
8028
4606
6337
7860
7304
9993
1223
9758
3269
5113
3631
2840
8078
6942
6095
8817
9916
7273
3557
5975
8867
4868
8668
1758
525
871
9407
8441
1578
6849
4085
360
5216
8121
7545
5952
612
3772
8970
2943
9957
8718
6051
406
8580
2499
2514
7154
8536
4102
5976
1934
3688
2034
951
7232
4833
4124
7430
5153
6662
2090
8941
807
4484
1751
5232
5890
7552
985
3797
2759
7539
3997
1350
7186
5278
2271
1060
6188
6224
9730
3847
5868
5251
2009
2387
3025
4398
7529
4582
3458
2944
1115
9230
9325
7815
9237
361
7735
3741
9680
8284
2786
6785
7403
4797
3720
1942
2684
7175
2525
5343
7248
584
5381
4246
9015
1382
3660
3523
6341
4415
1847
5585
8207
5840
1725
1839
7631
9284
4413
7656
1818
7230
4468
9576
4013
1373
3137
2999
8849
5416
1066
991
5091
1281
4309
9968
7131
5008
1295
6026
9289
1797
2585
6463
5088
532
9697
4639
6988
6956
4068
2756
785
1176
2282
6341
2849
9602
9139
6275
7692
3602
5802
9063
7985
7180
6317
3692
9054
3781
2141
3928
5143
7994
932
8165
5300
1346
2855
5058
2567
2648
4914
2097
1403
2431
1402
5985
4700
7894
6481
8242
3595
9468
3103
6802
395
2633
1008
4537
7355
8933
5377
8628
1791
8268
6877
483
1093
500
3274
4506
9526
8157
2591
5453
2436
3595
7864
8322
2444
3381
3942
1760
6523
9814
7510
5860
2471
4564
2521
7838
8243
2191
4564
4587
7808
1956
9364
9405
2810
4789
2532
1265
119
8523
16
8939
1600
8589
1235
9006
3872
3254
9811
6320
2664
2154
24
7853
8497
4430
639
6014
7823
8049
1566
5511
6530
5062
3020
8615
768
8485
1253
7299
3396
5238
9739
7121
3078
6176
9778
6964
7007
8602
9862
794
7564
8870
8902
2418
7837
2688
4391
1940
855
8546
2959
3030
2626
5345
7385
3479
9647
8740
1145
7557
7397
1964
8794
7645
7524
5989
8115
4327
7932
749
7833
8670
1758
3858
2939
7768
8381
5755
8157
4809
2014
540
8954
7882
1169
9905
8641
7546
5373
3483
9544
1780
3851
2738
6054
8349
4575
7054
7397
8860
1104
95
8406
5805
8907
1683
7271
3750
2497
5470
266
8510
9652
5484
4810
3595
9209
5272
3838
1541
4503
1825
6454
8811
5373
2694
2085
6887
7860
8820
7969
8897
2186
7447
2683
664
6435
9223
1654
7403
5472
1062
4107
2490
2055
1700
4748
2664
9849
9995
7625
4855
6108
6954
4084
3399
5161
1269
1497
2844
2512
4679
4534
769
3359
7867
6165
7065
8659
9828
1264
1013
6464
3606
1728
5129
6204
9159
8369
5241
8808
9728
1476
9544
6160
1539
8898
5504
9195
7919
7801
2359
5176
7993
3821
8738
1154
6999
9234
9423
2427
9962
9984
2668
1948
2991
9939
9604
9034
6748
9573
306
3505
4818
5423
6821
4419
5630
6146
2109
931
331
760
5242
6518
624
4751
7427
6766
9914
125
497
5253
8360
6194
9318
1661
7381
8920
2261
1194
2053
7969
9358
4622
395
2278
6048
3811
7057
6911
1521
8500
5137
6243
4591
6235
3951
1103
6755
8883
2448
412
1631
5950
7672
1066
2331
7053
5179
3319
3483
3309
3633
2794
2592
179
8958
4367
6236
2318
4331
7651
181
4407
1124
8581
8917
568
2403
6677
9364
9003
5035
2981
5496
7765
8621
9351
5547
2231
9486
5860
1061
4737
5792
9332
7582
2109
5461
2757
33
7362
2046
2235
1967
7724
4951
5415
6758
2308
9479
2966
554
9260
9048
2510
1342
4015
6646
2673
5838
7410
5070
3442
6061
4829
5857
7824
461
5327
4908
8983
221
2689
8776
6486
8
8792
9359
5055
3800
3305
6278
9317
713
2743
5639
8448
2734
6222
1057
5317
6161
4855
7824
5748
1194
6689
3953
4888
9604
9304
2431
9278
8712
7753
7479
5226
982
6416
3885
6331
2496
9483
2521
5597
250
6323
7073
495
7800
4744
6684
2523
1119
7333
6731
6344
1684
3436
5278
7434
1812
2138
5886
1301
8036
9604
8396
1812
1928
7560
8074
947
4185
8345
76
7363
7024
5969
566
6577
1975
1916
8028
1275
5014
9058
8327
6285
8641
6960
4880
9082
989
7127
937
3366
5344
7268
4448
177
9552
9550
7193
8333
3712
8985
8989
3524
6280
4576
4627
3327
3245
7679
5910
3594
2405
9139
3664
216
4924
9185
4928
9073
9324
1842
8646
6169
8892
8635
9144
9375
2030
4766
443
3002
6546
4596
6000
6510
3076
2283
7891
9063
9890
7719
6621
2326
1166
7527
7770
4978
3515
5827
4495
3690
979
9698
5557
7021
7045
9844
6973
620
3321
7841
1672
4400
8399
7481
5577
4936
7218
9298
461
9266
729
4097
3578
9437
8040
3463
1617
713
8389
2655
1825
171
8262
4025
6288
6568
9765
7166
6311
6826
9967
5358
2589
9261
7346
6563
3438
8768
690
1220
7743
4560
7865
8390
1464
6799
6696
6422
6578
4462
7876
4247
9113
3129
314
4645
8619
8029
2604
1390
4818
4647
405
8050
8476
6462
8445
7395
2575
6991
7585
6859
6784
1189
1928
7320
2890
9485
8289
9565
1396
6272
538
5257
9782
3462
4290
6939
1075
8919
3206
4706
7338
9023
6771
5492
6400
4373
853
4668
1782
7773
6540
8561
5113
3994
9819
892
7535
1561
4512
5685
1642
7802
3535
4168
8252
9772
9041
3424
3021
5278
291
92
6302
216
9205
3304
5927
714
7449
7223
6679
1131
5663
5030
2074
1898
4954
3030
3806
4371
3157
5650
1681
3420
3494
9554
2223
2285
1291
7819
7243
8400
5157
3198
4626
3353
2663
2843
2336
4905
6951
5559
3236
4099
9968
6648
2669
5875
11
4706
2979
7335
6167
9357
9132
3814
9877
8841
7445
9259
4325
1625
5041
4063
5671
6732
1112
467
6217
3404
2329
2924
8533
1842
3802
8392
1305
3298
3893
9436
2168
9581
5857
1234
198
9173
1834
2088
853
9567
4996
5907
9169
3190
3813
4256
2763
7340
8350
5039
4867
6916
2246
4657
8951
2420
5628
573
794
4689
3570
1607
855
2136
1916
4008
9669
5888
7307
2373
1666
3138
1056
5809
8266
9287
7147
1407
9419
4997
3115
9035
3845
5140
8778
3751
2153
2825
1893
4718
3753
3175
1696
2400
7991
8310
957
9039
2326
7158
4716
924
5502
1092
9182
4830
1668
9183
7405
5114
2180
4888
9272
2453
5422
9363
2178
9972
1405
5290
5227
7584
7131
9079
4273
803
733
8631
7256
5946
7293
8453
9331
9727
6860
3856
5088
7534
5707
1212
812
1369
5129
1793
3172
5360
8215
2601
1977
4053
3910
8752
3742
6274
9442
8513
9648
5250
6718
3852
6216
3880
5632
6505
9494
2602
7424
2008
3912
6102
4184
1847
5048
4292
6393
6974
1554
2433
8995
4290
5193
5051
7921
1368
9551
8401
3195
3706
7351
6600
1808
3088
3513
7307
3397
5257
6081
3808
4425
35
9999
1749
2048
7273
9327
356
7129
7557
1947
1
6989
7489
7048
201
2367
5522
9797
4758
9822
5818
9433
3622
331
4449
6753
4303
7192
4307
4461
9142
1518
2595
9173
8636
1576
7460
6996
5116
3026
8417
5568
5588
692
8574
4176
7267
8969
5332
180
4479
7118
269
4303
966
7833
8174
9615
7348
2230
9857
8964
9548
2144
3272
3512
289
1059
2732
612
2438
8292
6567
2723
9949
7172
9434
343
9395
6858
6667
976
2712
9164
4558
3068
9645
6311
2266
8507
6611
2883
8160
9840
7216
5406
5841
8627
8514
5979
2843
9539
6228
2154
8037
710
1616
3874
2173
4651
2470
9699
9648
5571
777
8763
8586
8367
15
1967
629
1715
5746
5747
1466
2725
4187
4433
8027
3432
4816
2694
8548
29
4659
7848
7261
4215
3938
2930
6301
2259
4968
5303
3665
1479
8837
2373
7478
5714
7249
5448
3701
1052
179
5193
6474
603
3460
7250
7760
2422
4308
4616
5674
7814
6901
4117
8963
8215
4617
7964
8438
7590
309
7752
4882
3870
1065
7534
6907
7331
9321
4589
1588
6008
7903
1424
5273
8266
2589
151
1941
451
2136
898
1693
3194
2349
9201
2541
3378
7757
3399
4507
47
1709
2017
6250
1598
3305
2803
914
8491
7479
9658
9700
405
2766
1034
8792
9281
9793
3561
7698
2
2387
7611
4796
8620
2351
7332
8951
3964
8401
6263
4430
2227
9538
1074
15
5722
3242
187
2231
6350
9228
1102
6885
1541
264
63
2748
5451
2553
413
6147
967
9509
1427
5462
8790
4438
7733
93
8224
9568
499
9330
630
1168
5526
2727
535
3068
70
5104
1289
3806
9791
6066
1845
5830
9556
6093
8776
8722
7012
8652
2921
2229
5802
533
3229
9050
6105
695
1301
1803
3765
1225
8873
3331
5723
2753
7086
4646
8649
614
751
163
9758
7372
3025
5626
3614
1961
5922
125
6405
5583
9895
9963
9656
9785
1381
8767
8626
2696
632
5210
6747
5226
3408
6970
6378
284
9209
7177
7861
4499
5579
7442
3448
3775
2720
9836
9958
1114
5176
8661
4252
7577
7655
1738
8553
5002
197
37
8443
2135
3844
3997
4963
4233
1725
4594
3688
9843
2046
7366
7821
7480
8854
7953
9459
9226
3648
8452
2979
7891
5914
4911
7193
9301
3476
7604
8389
1544
4222
7403
4667
8533
9161
3517
3070
6137
3077
130
4954
5301
3072
2088
1748
8078
7230
2653
2789
9287
5261
9572
9300
8655
562
9238
3718
5705
8416
2553
1567
2425
8181
233
3868
6777
8298
9806
1668
3509
1680
1277
699
7380
5624
3555
3400
7939
4778
9128
7577
4267
7889
183
5830
2739
9062
5392
7536
786
2095
2932
5680
4880
2071
1948
4066
1508
1865
1629
6612
5806
2438
4362
9285
3668
4921
6980
7003
9659
9317
2067
2349
4857
9395
9459
319
5895
5829
6611
3447
8849
9964
5362
4696
9441
8747
1750
1229
4000
7266
5017
816
4062
9147
1689
4038
1125
6593
743
9684
7098
1257
6244
7763
266
4326
4550
4418
6240
9219
4230
5703
8263
3089
8151
2636
1508
4007
8853
8265
1553
9100
308
8556
8089
5213
1395
2860
1095
7708
9061
6405
8212
4934
1992
6850
8851
5560
8869
9235
2705
3489
8779
8888
7723
418
5212
9758
5420
9184
9208
6515
9370
2063
1690
2284
6173
6861
9805
354
6815
290
7148
7390
368
2451
3187
7760
1260
8456
2888
3390
5979
3264
3589
1278
5010
3562
2481
1236
1029
6234
4732
9750
4946
6343
9242
1928
7268
8851
6283
2439
3424
7355
8887
8060
8172
10
7722
9009
6056
7511
7428
3572
1959
493
896
716
8251
4068
6827
8345
2773
5319
5042
664
4952
5528
3474
6703
5702
2692
586
3473
474
1426
6992
1462
3785
6758
491
7217
7863
5501
9447
7597
7697
3917
441
2978
9675
3196
7475
2139
1246
4900
1674
9867
4619
6999
2367
9414
8363
7349
2719
5868
6941
5567
5673
3206
9751
6118
8859
7358
7991
5139
337
9963
9847
1034
580
2644
1879
4193
9915
9638
7269
4324
4819
7381
9624
4836
916
3267
4405
2462
5286
2213
8730
6901
5808
8888
4315
9630
648
5500
7580
3221
6707
9908
5611
2553
1881
6465
6583
7066
2324
2503
8468
8910
2551
6632
474
5216
3172
1171
7441
4056
8345
9890
8690
2642
2602
4030
9249
3288
4614
4052
3225
7280
3681
1966
6189
9367
3231
9235
5890
5865
4480
8221
8342
7535
2551
946
9390
4313
6779
7548
244
2755
6764
8196
9122
8616
5757
6508
172
6379
3423
9505
5118
4732
686
9023
2721
2009
438
2156
6050
8450
9177
3788
7834
2730
6339
2544
9693
8699
19
2639
1938
4493
69
7958
6786
287
2140
1481
9371
2821
9130
2679
7682
4529
9742
7875
4743
2618
7338
3714
3714
8770
6142
1888
9406
3260
6002
4031
7689
8245
1349
9309
7701
3729
4802
3658
416
6283
941
8829
1126
4998
1161
1469
2702
1311
6257
7284
1124
9401
9392
3038
4699
1639
8449
9577
3613
9212
3422
2397
7051
1519
1446
2356
959
9159
9373
8046
725
4424
1349
3078
9533
101
6787
6081
4962
2051
2312
8535
3523
3598
9795
5781
5243
13
1440
9462
8170
9591
2005
5507
5709
3691
7747
316
8088
1929
1412
9264
2918
243
2710
5838
8821
8965
4106
6785
380
5214
2457
8492
2327
8938
8079
2479
5769
4758
4135
3385
9529
2397
910
1094
5230
6929
1489
9769
5603
6349
7626
462
1699
8012
7199
728
6180
7406
7519
4156
6644
2396
2002
5154
5108
3613
1213
9426
7140
6936
3151
8603
6946
7220
1776
8259
2703
3300
7250
2147
9862
3103
6151
1920
8784
4272
4981
813
7080
60
5710
1815
6344
2486
7803
5713
7560
4729
7211
2040
9426
2571
9121
6471
9062
329
7950
1458
5129
172
4989
3043
9264
4964
1402
5664
2907
3852
1880
8533
3096
6722
2123
1679
2608
8309
1560
7111
6956
5279
1231
736
3156
9929
5602
3622
2965
2251
6220
7002
6297
8116
4591
4012
8938
5007
1432
2587
2333
8398
9546
8137
2226
1180
7945
1699
7238
5777
5602
9095
8087
3600
4183
9291
3081
9293
499
5652
5769
7871
1038
2045
6178
1300
2905
6881
7952
7321
7784
2067
9867
7400
8116
609
1717
2556
7577
6110
1341
5542
1181
9774
1716
5336
3829
5714
4437
5239
9977
3295
8686
9009
1251
6087
2804
396
3283
557
8999
224
7841
4088
363
1713
1386
1108
3387
9144
6618
8169
8470
7146
9263
3678
5519
7904
8389
5618
1698
1410
4879
1113
3593
9516
9330
4957
6653
7979
7627
330
602
1971
9683
3858
732
9585
4473
8892
1444
4747
2344
5406
252
5670
3818
2311
7540
7454
2642
8085
9842
7790
9637
8672
2112
2856
3099
7318
7536
6424
924
9682
1808
8974
9441
8928
2456
5182
3985
9754
2813
7513
6682
7363
4527
885
7613
7210
2129
8334
6533
4040
8108
483
3698
4224
7175
2198
9959
3653
3982
8309
8291
4595
9386
6508
1148
8811
6597
9615
679
953
9954
1278
1693
5840
5982
8901
498
5500
8397
5052
6272
7115
6253
3987
5428
892
7102
3001
3625
7764
5119
9315
4514
354
7525
1928
9094
7101
1301
4461
4639
8645
6188
9399
7547
7637
9285
6321
204
7955
1159
6738
7941
7021
3320
5967
8537
5347
2169
8105
3344
763
5064
3629
6088
856
29
380
2679
6094
1815
7794
2930
7815
3515
1093
3006
9803
4721
6888
5629
9546
4383
4109
3598
5417
8887
4534
993
8996
3682
5316
5632
7570
9802
1839
5762
415
5015
3017
3767
3905
2995
2705
9773
4706
2940
276
8397
7375
6325
637
2632
2508
7138
8929
9876
4279
6836
8019
6433
1654
5550
7494
8500
5901
6578
1337
9576
8072
2114
7707
6539
4087
4312
8332
9206
1756
7294
6902
1094
3625
2518
5544
2320
1889
2038
5974
9091
6769
1608
7246
8087
7737
8356
5144
8181
7770
5773
9222
6405
4398
2163
2249
9847
7753
7366
3382
250
5026
6556
797
3496
2804
9241
1678
1844
3609
6192
7495
2845
603
6963
312
5188
4934
5931
1499
8359
3475
5297
7697
9998
803
9405
86
2066
8192
5893
2159
4580
4131
5675
8000
3506
5385
5592
7851
7686
5019
4651
181
8127
3923
7242
9858
1889
5396
4424
114
1899
8100
7467
1969
3518
1339
6185
8518
8451
7988
8277
3086
6684
4674
4894
9601
7508
5807
1956
767
1453
7952
6356
4619
5919
3663
1125
2849
8683
9411
3875
4948
5074
503
8398
652
6587
7013
150
9412
988
8643
2559
9736
6535
3177
2570
3077
5846
2722
647
6676
8165
4287
2582
7261
2298
6420
7889
2843
6314
1590
2289
2956
4294
4812
9883
8667
4823
2588
3942
2418
745
2693
3945
4350
4753
4513
496
6131
802
1735
9033
5518
7050
4000
7889
4883
2040
1822
6172
4773
2195
9550
2205
9173
5335
4420
3780
2640
1884
5892
7399
682
2732
8325
4819
3870
274
1833
1727
3031
7079
650
5182
7580
4830
5721
3566
1553
4723
8400
5231
2218
9324
5090
9772
4307
5066
8481
8895
8805
4007
9623
2250
9056
3248
6502
7249
8457
513
9007
898
3444
4771
7215
5988
2645
1518
9794
3582
8087
3334
1951
8700
7182
7702
7877
6317
4822
5681
899
369
3404
7050
5660
9314
4814
9740
579
8000
2522
4033
5545
7049
3778
4850
9367
7808
1636
8702
3833
3030
4019
5367
6416
852
2364
8244
1628
2423
5529
1423
1825
1562
5584
6032
1863
8196
863
3151
8419
6044
8251
5708
4038
8945
1020
7140
7971
9600
777
341
773
9076
2058
6428
7239
5357
5940
9200
2787
4496
4674
7815
1654
8436
2803
7175
1386
9484
1457
2779
7020
2565
1626
4392
83
2901
9069
795
2072
8555
8234
6057
9436
4405
5055
6344
7246
6544
8831
5070
1712
3838
1521
3389
7513
6444
8726
2446
4478
9448
408
3625
9624
3475
955
3084
4717
3103
7581
7280
6630
8230
3272
6921
7579
3170
5464
7757
5006
3159
4488
8017
6355
8223
6448
3912
2259
9909
3628
6595
2796
7235
1803
6253
5347
4420
7895
1591
9351
4428
3300
5849
2773
9187
7900
3748
7455
9438
7303
7236
5706
4623
1157
1787
8441
5965
3529
9118
5975
3914
7293
6698
6205
4568
3210
9138
1288
8288
978
1700
3198
7770
3900
1522
535
2125
1026
7887
3870
8136
624
8878
4517
9799
6661
8121
2153
2492
5621
1934
9960
8683
4413
4199
2089
7943
1399
3520
7157
5226
1637
4838
3205
7861
4323
5565
4104
3516
5105
4510
4739
8503
8465
407
2464
8242
5673
5675
5312
9419
1958
209
3223
6468
2493
9450
7156
3325
549
762
2386
5142
2731
2243
6486
3592
5613
8467
9562
3738
5288
8407
4139
32
6324
1784
4794
3965
9495
1434
3060
6120
8233
943
1482
933
2247
8749
1746
3347
2964
2199
5755
2718
9568
7626
5256
837
6261
5421
5133
7713
1077
2274
7874
919
4114
6307
1847
1698
8326
4628
4038
3799
9189
7015
8654
9040
498
3887
6635
7006
2282
1492
7507
4921
3436
2339
4256
7772
6033
4299
3926
8036
471
7505
1521
9011
630
4216
2425
5648
6044
3147
9073
2062
3707
6412
850
5431
5585
4185
2346
1862
9193
9484
3970
1012
7622
3042
691
2703
2319
6136
9178
618
6618
7483
995
5253
508
8794
9660
754
7480
2462
2356
7992
2389
3957
2870
9314
5253
1035
949
8732
9650
1553
4672
5052
5943
1865
6659
4383
8962
8101
2000
2813
6965
3369
5603
9636
3694
4975
9383
6454
8191
7032
5124
7720
7654
5539
7195
3850
7064
4942
375
8890
5580
7460
1964
917
3766
9081
4083
4836
7600
8982
1618
4058
4911
2399
3600
9643
7401
442
995
2941
6738
4228
1843
494
6321
4838
5484
8035
1290
5066
1218
3765
8098
3713
3138
9807
1539
8263
2141
4681
1503
7161
8122
9004
3951
8666
246
1195
575
9235
834
9922
9459
748
8888
5257
4695
2558
2567
1085
6315
1261
6042
7136
3221
8411
5047
253
810
3958
7200
952
1911
1094
7705
3155
4335
6420
8361
2103
856
7852
8044
7879
7748
1529
5725
9716
6159
8152
2939
9323
6538
8617
1191
9828
80
8602
1220
628
2761
1849
5249
7421
6872
2289
411
998
2211
5853
1387
8008
4044
3854
2948
1829
7825
1165
8596
1913
1262
4053
9752
5561
2771
4502
1090
6913
1633
134
1487
4157
9223
1422
6824
7419
2581
786
377
6640
1280
1392
8937
837
6059
6967
7913
7584
3018
7825
6695
4300
303
2400
6314
986
5140
8101
5056
7408
7876
14
4096
6428
6210
1131
4448
9162
7214
3132
8579
6946
6943
2490
4858
9744
7403
2689
718
509
8533
9666
852
311
8421
4269
80
9545
8486
2457
6606
6465
1562
1254
328
5400
9940
6066
2556
3568
7271
2862
8072
7167
2954
6918
7785
4556
128
8387
430
6784
8731
3751
4718
3431
3185
1400
9144
4831
263
9015
5256
77
6404
229
1622
3913
5362
8118
9932
4585
6410
3478
1741
9080
569
6554
4197
1729
7293
1906
5765
7163
6905
7465
8441
8773
4679
426
1238
9463
942
4660
837
2270
7799
6530
9193
4697
7181
8643
4636
2009
6788
3927
2539
1621
199
5674
3976
2785
4931
2673
5964
3230
7553
2429
4850
7148
8089
9601
5224
6976
6909
1260
296
4802
6031
5319
6148
7886
3382
3631
1438
6807
2895
6577
6232
4020
5555
1747
8461
5265
6508
5296
4156
6168
1154
918
8140
1636
8796
8030
5086
6205
5865
7703
7004
9358
1991
2178
2107
1022
1259
1373
1749
8941
7895
7701
6648
1436
304
8721
1005
6176
9892
5670
3233
8008
1446
4777
5048
6659
9957
7395
6428
8166
4730
4445
2561
2253
5386
465
324
1568
5936
2621
6054
7687
2465
450
3415
3091
7216
2816
35
7937
6808
9581
4214
5396
5198
6836
8538
9556
2600
6187
5465
5446
37
546
1107
1622
5454
1171
7303
1916
1394
3261
8842
4463
6128
334
2209
2905
9816
816
4603
6826
4808
3811
7118
5851
4486
4827
3981
4651
8205
6430
519
4082
839
3209
6124
7122
4174
5267
4918
6902
4000
9475
6037
8144
1095
3200
7496
2632
6533
858
2449
3927
1729
9736
4330
6523
1469
7798
7839
9829
3798
2913
6012
7952
4105
9829
9745
2129
1984
8562
5034
3806
8526
5408
4934
2891
8602
5712
7778
7491
7352
5726
551
8581
2660
9435
6474
5455
5667
5032
8845
5604
9535
4919
8962
5654
2624
2526
4561
8433
5987
9056
6624
4872
6680
3334
6624
8468
7747
8327
3336
4308
2963
8637
8189
4327
9401
4291
778
5341
3731
7461
1684
6698
8791
451
7973
9896
5400
5189
7927
3436
670
6791
5390
2312
8126
6322
930
3067
6829
775
6474
2143
6413
1539
2493
7356
2427
6096
1946
9788
1722
1583
3175
6104
748
2961
4735
9375
558
3018
8765
9851
1115
6208
5880
5815
4016
3401
3840
8631
7186
39
4263
5428
7255
5895
6507
7452
5353
652
5525
2072
9887
5876
954
1667
5482
579
8014
3168
743
4566
6880
7898
8710
999
6108
2561
3010
7229
7434
8673
9531
830
3787
9604
8198
5978
9744
1444
1895
3878
3777
6402
9930
9717
4655
5152
1554
7842
146
7612
1016
6274
4755
2
9364
1458
4675
9727
9802
4257
2318
8602
2790
8567
9885
9251
4258
4663
1240
9150
5333
409
4045
1678
4793
4796
9591
3816
6093
9924
6033
5690
9261
9520
1868
7986
4218
4339
384
9500
6149
7393
2557
8542
5445
4857
5396
8728
4410
1714
5111
1829
474
4706
9624
7749
928
9033
2936
4482
7388
9359
4638
8919
9081
155
1490
2777
2860
5208
4364
6584
4393
1171
3105
8657
9364
5473
3903
5302
5737
4578
8613
3120
8114
4651
3131
4177
3073
2994
2405
110
9973
5276
2975
1729
5199
544
9999
6594
9039
3292
4686
8211
3486
9418
9736
6972
6145
830
4977
4790
77
1675
2696
2497
2005
7659
2369
1492
1528
8806
7440
8869
2219
5122
2608
8351
1361
4110
8682
7651
8871
8842
3482
6650
7520
5415
1478
9694
5950
8967
1922
9684
3182
8190
5060
1216
8312
9275
8706
4954
1929
1572
2888
5712
6416
8897
8642
2203
733
2372
8042
7354
1562
2976
6566
4218
6746
4569
5542
4037
8847
1024
2017
9798
6359
4363
5715
754
7579
4282
7932
815
7526
3292
5183
6444
1366
5876
1218
7774
8803
4488
4607
9994
2613
41
5553
789
1103
9574
4757
3543
8644
9218
9265
5391
626
6279
5033
3767
9194
301
3638
5073
3955
9274
1029
4298
7469
3840
9507
5004
8781
9295
235
4950
9534
2460
2475
3804
6244
8081
7495
5903
9228
7327
9629
2808
3361
9163
4308
7530
8345
3899
3081
4739
6516
7050
8579
9005
4309
805
8205
6178
9500
9851
3920
1381
63
8091
6905
779
2061
2860
113
3281
3405
3663
8785
2616
7452
3165
8813
9887
5493
9187
5553
1590
9947
7798
1120
8367
745
9252
6526
5302
5816
474
6101
5427
2869
77
5571
4320
3708
4471
1874
5136
4233
6556
2359
235
2947
1658
3353
7698
8324
8927
3251
8433
701
248
3254
2330
7499
2851
9697
9992
1509
6286
5466
9905
774
9199
4482
9626
5129
6424
2387
3543
8867
2327
8677
9073
1207
2022
326
7787
6220
8135
4644
7863
1720
7109
9577
9554
2239
5695
2950
5859
4680
5251
8260
6506
6461
8733
3537
4502
5081
2851
1532
1016
4889
5769
4004
6164
1553
8940
276
386
7219
185
347
3525
9708
3977
5864
6489
7174
4024
8022
3393
5658
2718
92
494
687
1802
3656
1872
5663
8668
1896
833
9154
3127
291
300
417
187
4952
5087
7478
5410
1486
3871
4914
755
2747
8944
9136
455
2140
7347
7393
8460
239
7898
2999
1227
6389
4780
3339
2243
3705
9852
9120
7575
5420
2666
2996
4922
2865
9285
3234
2209
567
8420
3398
5565
1900
6159
2171
712
9524
8621
8364
6220
8459
5217
4942
1883
6041
3911
2462
559
2252
3840
6692
7192
5945
9975
7398
4478
7341
9129
5270
648
4848
6519
1813
1171
4720
7382
2626
2854
5375
8652
7971
5744
4289
1612
5777
5554
4289
7591
1303
6886
7831
5290
4557
5447
2339
106
1293
5653
7083
2967
5877
8564
2205
8604
4678
3888
3506
934
6737
9000
2373
6291
4443
7329
8857
3603
691
8283
7302
4303
572
941
8168
3748
5021
4170
6737
231
1065
6503
9223
7292
8317
170
9505
9955
4155
5002
5145
5788
716
9563
9668
7194
5232
8862
9191
2270
1510
226
5360
7693
4450
1556
3355
8631
1350
9037
3178
7460
3464
4628
4880
5193
8783
7156
3471
6963
2319
4683
7289
5636
3342
9975
4378
5703
9921
5358
5017
2946
9912
8010
4973
4081
4105
1845
3276
4551
1605
7543
355
1966
9752
7971
7220
7300
866
2296
4052
5882
5942
8405
7040
5467
1044
9916
5579
9235
5615
1006
8076
7420
3141
9579
3498
2474
3727
6870
7545
9137
4982
9486
6853
2625
2355
8102
2006
5230
2517
5547
297
4094
3760
5860
2131
633
5493
5044
801
5160
4850
3706
3921
8626
2220
1556
6263
7069
9046
3806
7935
3360
649
9940
8895
5152
4016
6011
661
7538
5507
2656
8715
3868
6256
2372
4606
8425
3688
1220
5022
193
5987
2112
6231
7848
2659
9088
6182
2269
8362
4606
3307
4350
9084
4738
589
2732
9443
400
5821
8160
7393
6262
4155
8617
7928
2816
7004
2145
544
1243
2166
2273
6117
5172
3615
4414
7678
8207
5875
190
6069
1171
7047
723
5910
8447
6669
9157
9457
8475
9393
7363
5979
9501
3164
1662
2071
8033
1039
7677
3980
4070
9087
4954
6458
4171
8917
7891
3908
678
2288
671
8679
3011
6993
400
8240
4851
7739
4459
7650
9234
3111
5192
6283
2108
9866
7488
8047
3745
8781
2561
2509
6552
2075
4282
258
7269
1025
2788
9613
1356
3813
3783
3350
7415
7869
932
3507
9924
8019
3047
9526
9260
1593
7416
9991
9020
4325
5504
1064
1974
6341
7564
5322
7658
5843
8187
3195
6544
9177
5748
5399
8038
9903
4842
8908
2115
6215
2319
807
7311
5588
4342
4158
1011
7899
3977
7431
1481
3415
6308
4449
4954
47
751
4879
5206
5021
8362
6273
7532
9766
5247
7428
3816
3197
1913
9376
452
7822
2337
4736
6310
5129
5907
8337
3613
1583
9937
2027
646
4193
439
4427
1550
5133
4061
1993
5090
8155
4651
1230
1272
5650
3793
3128
1932
4135
5825
9997
9043
7658
4354
1725
2344
3172
9088
3220
6148
9256
8922
7267
3683
9762
9643
7392
6172
6914
2376
3426
3009
4196
1936
8432
8838
7955
2621
9411
3131
8077
2680
5760
7947
2307
7659
8883
9945
5839
7146
3483
3449
7638
9074
6162
2376
7645
628
9683
193
4471
5094
1966
8696
1498
9514
7278
8390
385
8890
3381
5514
4926
8861
2428
3329
4894
278
5328
8228
9088
5890
8972
4385
9117
1496
3215
4231
653
1328
9865
5864
6833
203
9023
2645
9309
2991
9096
4710
6026
5382
5550
6891
1243
8541
56
2629
2520
4302
6033
8875
1456
6816
8848
2660
9804
1199
8875
6078
252
9661
3496
2729
1655
849
9715
5341
1766
8661
2546
1242
6653
2700
5551
9636
4867
3696
9025
2226
6191
3705
8157
6606
9305
2737
8245
95
90
549
6509
173
2436
4788
408
6544
6404
4416
454
8990
4392
390
1520
4635
4538
3962
348
8041
2037
6612
8564
7605
3255
4667
9888
2167
4565
5921
7414
2428
7705
5216
1859
2804
6092
872
4481
688
2040
4087
9035
1742
3086
9007
5545
1786
6756
2001
4951
8167
7008
4897
7773
6021
2328
8399
1775
7798
4980
8726
3379
7598
3270
2621
5006
5394
3871
3341
5918
86
9194
2929
7225
4426
5620
4181
2676
9376
1991
9060
5630
198
4169
8988
9151
1668
729
6462
574
5222
6848
6731
4082
6539
8360
2881
4835
8105
5559
7647
6021
7618
6853
455
5848
9774
5632
8812
4905
5915
9844
8993
5624
3298
2669
2163
4621
3345
4408
8591
5577
6115
268
4375
5037
6473
6053
2257
5995
5939
3944
521
4467
3039
3542
1700
2378
4153
9118
5912
6056
6282
2638
1957
3359
2960
3527
3051
4056
4617
383
3016
7457
5088
6886
3091
8478
6696
3993
9105
8366
7343
3183
3739
9080
4395
1002
8797
1020
1791
3433
7991
2186
8765
9727
1615
3156
862
9257
638
6304
6488
1667
9287
9601
5168
135
1938
5012
6873
9944
2317
9015
5314
9677
379
8111
1937
378
5041
5304
1503
8776
8943
4489
4603
4298
4828
8448
7219
5988
1784
2710
2561
4702
3592
1953
5771
7982
740
7768
7828
9847
2274
6666
1001
5434
3582
5010
4539
892
1470
3169
5929
2192
8428
4692
27
2684
3857
7490
5639
8076
1225
3149
6710
9290
6583
7347
3186
8171
5715
9046
4833
8375
4289
8660
9807
3944
7808
5703
8612
1032
5932
4554
3250
4060
8760
2957
801
6166
1057
1573
475
5233
4087
4543
3239
1026
3696
345
3548
5967
7617
9469
3404
1994
4557
417
9997
8542
2600
8367
9523
2231
4657
1483
1426
7093
4287
8280
9262
5280
6073
5737
6676
2139
894
1891
9553
6224
7976
8580
8322
4402
2364
9636
7587
4514
8602
7399
3797
3281
8844
5706
5508
5049
6332
653
4921
7826
3283
1397
3863
6627
5543
1983
2146
562
5081
1796
1325
9359
5396
6589
2279
7015
4177
4266
750
5151
2223
9576
999
6302
7523
9725
4090
7852
8672
8526
3932
616
2326
177
1212
2174
5289
4989
2592
3980
3000
8485
156
2987
2681
2152
3973
3102
1215
8853
8876
9079
4941
8385
5066
5699
985
9006
992
7998
7494
8911
6115
4131
3186
7526
614
1069
5019
318
8883
4698
6430
2338
3748
186
7628
5131
8722
5454
3704
8817
6353
490
5948
6193
1733
7893
6696
8486
1559
5516
8284
3057
819
349
2209
1788
1112
3937
5522
5133
6899
3469
7591
915
8565
9483
1935
8807
4084
607
4581
1151
4265
8149
2553
8264
113
8498
3504
1725
4667
9287
275
2237
5809
6048
2203
9644
1028
9695
8364
1413
9884
1609
6648
2477
5001
2284
6513
3719
7841
1581
2621
8573
1181
3450
1132
7219
6298
5689
395
5692
9144
5730
3018
2839
6498
6801
6818
1513
5
4857
8088
1661
3304
5622
1724
2013
5046
2813
9318
4000
8469
3127
8075
6178
6452
977
568
9997
9466
6076
7757
8031
2684
9977
5451
3950
7674
3474
7440
9452
3544
5337
6910
7119
2199
4315
1411
9769
2452
533
5666
6215
8123
9471
804
586
5993
1554
8208
7321
480
3067
1137
6841
3264
9560
7476
7450
7729
1213
2566
7556
51
759
1916
8482
1033
8417
9776
2266
5398
5089
1061
702
8115
4557
914
1592
583
7805
8303
5662
2995
7745
7500
2951
3056
589
4027
593
5387
947
9695
4861
373
1264
4760
9110
6052
2701
3873
5834
1658
3730
6512
5407
6889
4792
1893
6321
6649
2214
2959
1695
7059
2227
3993
4695
4852
6439
1646
1100
8932
3373
9710
740
9842
6814
3861
740
134
602
3754
2630
6265
1247
6359
2221
502
4291
6241
5872
9563
7674
5582
9273
5222
5542
9199
5187
969
8923
7551
4744
7940
5457
3763
2807
2815
9001
9100
1698
146
1333
4976
9168
1679
2401
8595
5821
5604
2619
3609
4473
9426
550
6826
8877
1130
1997
6901
2096
4674
1984
1213
5440
7503
9425
2661
7316
9714
5351
9016
7618
6795
9509
3614
7343
450
6856
7686
5006
4912
5035
1431
1130
9368
6234
3041
9590
637
2043
2342
9924
4094
7867
8425
7830
4960
4258
8750
2062
6569
6135
507
4646
6981
7263
3765
7956
388
6613
9894
6536
5193
5241
8060
3775
6330
7200
7221
3555
5406
5650
979
4778
8636
5807
7876
2375
9124
9686
300
1780
7059
3671
1023
5159
8654
8868
7565
6739
2225
5936
1102
1467
7741
618
8404
5923
4360
3563
2449
2935
9010
8172
9753
1646
7902
3208
221
2939
2013
2681
8389
6047
7049
4133
3267
5976
8163
7852
7695
2882
9785
3788
7132
3993
1353
9979
2058
5813
405
6134
7845
9382
5539
8717
837
4176
3101
9326
9656
6878
3076
6454
6289
9683
1638
1858
2388
9072
113
6620
2390
56
2646
8764
6571
2781
7813
3805
3942
8068
2597
1975
7014
5998
700
1017
7905
6947
973
1448
7989
7630
5922
1946
1350
5647
4692
6151
5684
4788
9717
8573
2950
9943
1309
6516
6091
4811
9863
6996
7431
7837
1050
2461
8992
1792
5425
6797
4887
245
198
3579
1211
9801
7552
1823
9384
442
892
593
4793
7548
7649
2726
3751
8255
4864
9692
8272
1711
1691
4110
9996
7452
1146
3832
1696
8654
1971
1642
7231
7341
313
7616
8572
6751
80
6973
1551
2016
272
4847
395
4068
7400
829
4753
3263
1152
363
1924
8598
1899
7111
1334
5575
9330
251
7867
807
2524
3369
5661
4265
3134
7037
4148
688
4970
5496
3744
158
5259
8965
9407
4072
5128
6983
6508
6825
9437
4957
4910
5414
8991
5608
4003
8847
1397
9360
3523
6777
303
2896
2438
2080
6663
3077
919
5247
9757
4200
8472
9400
215
194
4681
3502
2015
9762
7675
7904
5567
1689
9467
763
9345
9607
6561
6043
3287
338
8899
3852
3165
7609
118
1659
1511
3415
7335
587
7283
2595
9248
4420
3479
2285
7200
234
9118
6833
5026
8602
9644
494
30
8252
7695
4748
9196
4718
4373
4457
1902
5047
9707
7232
2816
961
9811
3350
6395
972
7419
9389
7470
7940
1908
7295
777
2288
4721
2071
5955
2678
6186
5457
3553
5327
107
51
1862
360
3255
8139
4050
8568
7866
2196
9960
4805
6634
9486
7214
4864
1296
1477
1808
1126
7915
9898
9253
8544
4196
5181
3492
6578
6797
9747
2329
4611
9460
8164
4916
8040
6046
8511
8929
9769
6032
4511
2556
7144
3907
5915
9097
7506
8035
5442
88
6491
9013
4190
6191
1950
2347
3817
3806
2959
5329
3047
9319
7741
3423
8100
2249
6561
7169
1463
3130
5623
6640
1131
1943
5844
6826
2893
8113
6014
3973
1543
3676
3291
9857
2996
7076
5242
8270
8200
6222
6714
5553
1486
5968
1707
4934
490
6926
5110
2644
2206
9705
1680
2283
9825
1058
9958
2775
8028
6164
6963
4393
213
4367
5431
6781
9674
4010
9149
2704
8241
5728
3498
1319
69
2529
7691
5179
5317
9314
2407
5882
8326
4109
1528
4310
7545
8190
9500
2740
9959
2559
6475
7753
1052
3762
1859
4842
2426
2913
3112
7883
3152
7982
754
9227
7612
885
2403
9069
2170
7723
8357
5972
5342
2647
8763
3932
1298
3245
7720
5225
4536
8088
2806
2412
4320
5162
9474
7361
1104
3216
8494
9896
3575
6826
1235
3791
4172
9874
1918
3219
2982
1537
8199
8474
4761
3427
1445
5824
1512
6502
5884
2670
3505
1592
1438
5863
4934
7944
8518
7963
6512
62
4293
3531
6193
4292
9035
5104
977
3108
8018
6428
7274
6851
9156
8713
4639
9801
9063
4229
7908
9876
542
364
5685
9033
2659
6454
8959
4452
484
5117
2218
8999
5358
9636
854
3115
8109
9008
2862
9295
7024
2657
9903
4604
9589
7566
2632
6313
2001
1562
7865
674
3313
7865
656
5072
1661
7627
2603
9379
8511
9179
8858
3181
3095
4970
188
1742
3302
9753
3194
5066
1142
6506
1305
1214
641
9753
1556
7151
3495
9515
7294
7858
3149
2912
4935
7138
1119
4636
3713
1654
286
1935
942
3065
8688
4557
1729
1839
3872
5172
1310
291
2290
1193
234
1713
395
4631
7445
7090
4101
2655
4004
804
1120
7843
659
2000
6283
3783
5766
8821
3448
8635
6164
8605
8807
6536
2528
8305
9518
4338
2446
5904
8447
9034
9016
5384
517
9483
104
4939
8657
4535
3572
559
7684
8511
6770
4839
2567
4143
4368
3933
3481
2541
7205
3954
3821
9521
6279
1779
8903
7736
167
4228
2483
4420
1282
3891
5412
5309
6166
9491
5743
6292
7712
3607
2466
5699
2693
822
5634
1793
6241
4928
4121
1964
6042
4657
8512
2450
2935
3650
680
9928
1303
1793
3502
9297
2222
1920
3871
5118
4651
7969
9646
7752
5143
8120
6530
9039
4517
9174
3985
6540
724
6518
253
9809
752
7350
5289
6939
825
3568
7018
4718
3376
4660
675
1142
1322
306
3224
4718
5023
6973
4825
1035
4963
2727
7155
3423
3681
9749
4048
1153
3764
4574
3313
5611
4822
1959
9900
2135
1279
9453
9627
2816
4533
6243
9581
3445
7611
1677
5988
6008
7743
5927
2868
6657
2511
7767
5113
7923
8151
2101
7765
3087
4409
3010
9188
79
8954
6394
9641
2074
5740
3
8283
2011
5981
7633
1047
8685
7407
8579
9019
2767
7329
3027
1961
2132
7741
9051
4443
7206
6104
7061
2679
8712
3806
3168
8614
2136
5370
3748
4077
5528
5389
9708
1856
9827
6914
418
2480
3806
4557
4118
5160
8948
7912
3688
8848
3080
6091
4123
4723
5451
2109
805
4522
46
6689
5701
82
8462
4622
1995
8248
8363
3263
6355
1830
8699
1948
2004
1711
8204
3184
5093
7397
9466
1290
1491
3294
6828
1848
1019
5853
2760
5811
1429
2305
3978
5382
4960
5231
5531
4897
6185
8384
8391
8869
1043
8334
3631
1048
3443
3328
4197
2932
7630
5501
3493
7488
1631
5049
8510
4023
9525
5320
4083
3108
8018
5905
4001
6283
5879
6755
4158
3822
3144
119
2723
5311
687
8663
2366
1966
9749
7516
6
6706
5314
5186
243
7815
6863
3308
9678
4715
4939
7985
625
9836
2221
6152
4435
8866
3357
8800
6533
2774
8669
9203
7624
8904
3032
8308
8054
5170
2723
1396
5236
921
9830
9757
7270
416
5950
8678
9398
9986
4329
8350
3768
7950
2322
7415
7163
7171
4145
9865
5768
3683
7226
4714
866
1294
4161
4477
4412
1271
6277
2862
8851
8241
4093
4256
1254
8334
4612
7638
7860
3221
5296
5334
1484
4206
9815
2696
853
3802
1232
8203
7934
8342
4149
4772
6579
4079
8505
2122
3395
964
4253
6917
9658
2830
7885
2120
1292
63
8970
9502
2476
1008
7230
9554
7251
1341
8471
1211
2689
6415
727
9719
6605
211
334
4753
2610
5924
1354
2466
5361
7451
745
4514
9276
8089
5988
4326
4693
2606
1495
5884
6487
1498
5071
3095
1473
1755
5916
8483
2600
6717
1243
8373
9895
8726
9438
7999
370
2185
3862
4025
1735
1376
2926
3891
7624
6905
8819
1043
5266
7033
9455
2660
66
5281
5569
1787
5389
3697
7697
8926
9989
1961
5787
9082
5
6103
7578
9032
7193
7027
566
6137
178
8259
6365
4411
896
4392
5569
5781
4111
6535
5863
4428
3921
8749
6045
9982
7496
9939
3862
936
2959
8935
6138
3115
5259
6648
5524
9271
1187
8039
9387
4985
2250
8422
2853
2901
2037
3137
9829
2046
2911
6981
2923
1475
5396
9971
5648
7825
2461
8963
8025
4478
43
461
9738
5998
4646
8560
3402
5236
8587
3360
4141
2123
3579
9429
723
2485
3726
944
7735
2484
9722
9977
7978
9238
7082
7058
9118
1035
2538
8642
8942
1173
4433
4386
9073
7911
4862
8240
7884
9271
3610
1291
9555
5503
6524
1007
7672
3927
3850
1079
8596
536
7266
8422
1958
267
7910
9033
3042
3176
1484
2421
4584
6885
709
5079
3556
6594
9851
7096
1892
2748
806
2420
8770
2996
5344
2486
6085
9466
3487
5011
8028
4587
3719
4561
325
8687
6764
9202
4619
437
975
7998
8707
6813
4066
7421
3919
2739
2846
852
6792
1786
9917
4237
3353
8423
3862
2729
858
9155
7381
7659
3594
4614
6005
547
6523
7164
8578
1021
2913
8901
9522
8505
9923
3075
2041
3306
9090
7898
909
1353
7092
5462
3223
8257
5809
77
5631
2561
9716
9699
6923
5136
2937
1342
5586
1493
7923
6364
2945
6466
2619
4325
3887
6194
3278
4796
8748
625
5582
4879
1973
871
7639
6523
5401
9635
4586
1749
6600
9701
6039
5792
5628
4991
4412
7890
6750
1033
4272
6917
5216
6902
319
4416
3000
8612
4319
698
1597
4772
9377
648
4383
8914
3315
4600
5878
9287
1590
6252
283
6198
4186
3955
7112
8955
222
3920
7409
9374
8638
3884
104
6453
3243
3602
4374
7288
5667
4187
532
2628
310
1731
8936
1529
1239
1920
3681
8512
2191
1450
5421
8357
7310
8876
5575
8186
2055
2294
2381
3857
861
3711
7790
7869
529
311
3019
8914
6092
941
9752
9061
8954
2109
3423
3112
5456
1520
4796
6105
7735
8780
6150
9174
7688
2244
8776
1009
9217
8216
9190
2011
3497
3703
2525
897
6983
6748
2862
9022
2083
8997
1945
5918
6005
3624
9670
715
4144
7958
2015
7982
551
4280
4666
3266
9539
4092
3511
3167
9266
890
6351
7108
265
3978
3735
3151
9337
1164
662
8173
1919
1340
5013
3519
4168
8878
3080
849
9303
529
7294
9295
1465
2112
6392
4304
4348
6629
3596
557
1147
7666
4161
6226
6998
1933
9620
3478
5010
2637
2422
631
2245
990
1302
4653
2540
6631
4669
8794
8958
8974
6608
9055
9806
587
7645
4944
8687
582
340
4481
831
689
7995
799
5086
9208
3263
7830
3369
8345
2313
5551
7141
8590
9330
1069
3494
9704
5616
402
1852
1696
7299
7247
5917
695
5798
9259
4537
4034
5527
9387
9442
6056
4092
9677
7425
1147
1231
7630
9487
3344
4079
657
9697
2496
8016
2474
2067
5379
4294
6409
4646
6473
7934
4452
6165
7124
1951
7671
2113
3759
6892
3112
3898
5460
7848
4680
6865
8763
4679
647
403
2839
4966
8424
6082
1361
3407
8024
7842
8298
5819
9238
1617
3667
655
3965
451
1792
6095
4378
5184
9062
6103
9629
44
341
4608
8660
7157
3198
2953
4358
3882
6963
2125
4762
2120
9226
7911
320
9333
5865
4087
2305
6850
1943
6037
6414
2221
9866
4775
7295
8895
8116
9237
4290
8285
8540
2954
6051
6400
2690
9692
1822
9675
8051
1539
195
2358
3107
2018
1899
872
6144
6315
1827
8943
6474
439
6881
970
8291
1261
477
90
6803
9758
1570
1724
3448
498
5930
2987
2031
1436
47
3279
415
9431
3542
1643
3082
8537
4234
1990
8264
85
1131
8199
9664
5854
4519
7260
6817
8211
9054
135
45
3998
5310
6795
5654
2176
7573
4053
4533
8726
861
2195
2621
6185
8103
9190
4881
9316
9222
9306
5313
2880
7455
6323
4349
2271
4670
225
1519
2839
6663
238
5649
9133
1462
6395
7098
1031
8509
6425
6490
9707
4277
4691
2262
2761
336
5157
4971
4479
3183
908
9744
4130
1260
8622
9522
2521
3489
7579
827
4578
5380
9274
641
3663
3336
5526
7720
1514
5081
65
4143
6234
4369
1058
3237
9608
1040
9716
8147
4147
3349
3240
1273
9751
8034
8701
8536
9632
5058
8131
4051
5249
8150
4107
107
390
9339
9421
4612
5266
5500
4020
3139
2475
7634
7374
5521
8084
9039
4626
7618
2673
6864
488
7279
9185
2599
5662
9824
6686
1008
6790
2404
1725
3719
2408
8524
1897
3222
4186
3666
9415
5400
4869
496
6013
3865
1758
7447
4370
7361
7304
7593
5364
2275
6459
5706
4942
5917
3796
105
9169
2638
2080
2529
1099
4066
7985
3608
8526
6825
9930
3726
7364
5898
7667
9066
1449
9522
3137
474
5886
1920
7401
8375
7716
3523
8975
462
4642
4399
4786
104
9825
5532
6143
2523
8347
4337
8596
2644
8855
5319
6404
3239
2084
4151
9399
4499
6510
3595
2499
6470
208
2697
5867
3942
7136
6446
6747
9318
5554
1710
2404
2760
6011
6681
7253
466
6499
5270
6279
1325
2681
4951
1131
9403
1903
6406
4920
4703
647
5978
6657
7483
6482
7425
6531
2039
7178
7762
8769
4313
1637
3073
9702
3943
9551
4101
4827
5442
9298
8135
171
5095
6494
3289
44
9820
8799
3568
5407
1808
6142
8339
4507
8014
9344
7767
169
6764
4265
6573
6198
4650
3086
2082
8717
5660
9084
8950
6932
1068
6373
2161
1832
2980
1458
1965
621
6646
9189
9244
9306
6631
1710
7484
5790
9799
5330
7999
1078
3659
6919
8353
6740
2099
8364
3
2664
1776
4927
151
294
1514
901
4466
3061
3931
3887
1919
7516
3239
7222
310
5775
5637
8603
1230
2346
9080
1799
6192
6145
7292
7492
1444
1534
8894
8752
7583
635
6222
6420
1509
2811
37
9773
2493
6229
5660
8227
1144
700
3311
568
9962
636
401
9214
6774
1883
6380
8343
7893
6426
1352
6394
6052
4538
8138
5383
9355
4793
3709
1783
1330
8562
9998
6262
8939
7092
5976
2532
4931
6089
2579
8711
3273
4822
9572
8179
1562
4227
8781
706
2306
1210
1231
8818
5736
4412
6701
8790
449
74
2940
469
4540
5313
8391
5188
9187
117
6627
6443
8609
8684
2916
3739
5253
5320
3338
5982
6656
88
4697
7200
976
4597
9116
3972
1410
8905
620
939
5892
6382
2326
8020
7306
4533
1871
583
1237
6306
9635
1669
2795
8203
8999
3635
1402
8623
383
5059
2606
2319
1152
7620
8968
4568
1572
6808
7829
1738
2999
9776
2422
3285
8195
3416
4153
3897
5274
5859
8141
3512
6134
4960
1134
7216
7459
8068
767
6676
7359
8399
7817
9675
3553
4660
8551
4560
9638
2248
2587
1991
4411
6267
2786
7214
5507
8931
7583
2304
2645
6472
2931
9270
7709
3590
544
1782
8537
6685
1503
5321
838
650
9420
3069
7965
7832
5377
7533
1404
1912
7613
5983
5799
3936
2557
1161
1067
2487
197
7376
765
5092
6049
6113
234
3336
3961
4580
227
9898
8923
5245
1784
1721
6638
4340
5889
9876
7165
2547
7111
3350
3162
1663
3874
910
9430
6873
9236
2507
9311
5479
5174
9261
5285
9395
208
8952
5584
547
4931
2184
6059
5433
2512
2887
6661
7506
1535
5682
4882
3833
6728
1768
4311
5490
9015
4457
5037
9553
148
5268
4077
4224
8697
1569
8204
7614
3594
7153
8614
5012
8609
7864
6718
9104
6150
5390
3007
2525
1601
3703
6424
2364
46
4258
9950
1820
5674
8030
9250
5054
418
4755
5101
7483
2470
2311
7078
5238
7159
2088
5505
4329
2426
9404
1037
2170
8603
1546
6400
1557
7542
9872
2797
9928
9266
6524
4280
4790
5270
804
6986
9579
6358
5014
6562
2893
9465
4661
6319
8020
2308
3325
705
9014
6907
8201
3543
4175
3018
8345
8131
7723
353
4016
6801
5702
4083
2113
806
2703
1595
9720
7519
1877
9688
5006
834
1872
514
2331
2410
825
1424
6323
5900
9378
8585
7876
3706
1746
6744
3558
5933
6362
7836
8775
4210
5320
9278
4142
8832
4913
8712
4026
6280
7941
5751
5960
5601
2123
2838
9741
6335
7953
6707
5415
7756
3664
9152
63
8996
4541
794
4337
2347
8796
4384
1017
7453
2450
4803
9529
2450
1210
1353
2317
9169
8204
4223
1229
3478
2648
1068
4685
8515
5958
1510
9283
8169
8681
7109
2702
444
3692
1812
8320
5593
8582
3251
5752
1799
2865
8371
5718
2041
3703
7824
2076
9359
7235
2331
8639
4131
1254
775
3496
6235
8972
4177
8940
7002
2934
1916
831
693
2757
6533
7237
2939
283
1329
2551
4032
1012
542
9909
8266
1207
5403
1714
6604
5942
559
5346
8895
4569
4490
8711
3578
6527
4382
8208
7337
2268
642
9871
4557
1165
8747
3008
6566
715
6421
4461
3642
9089
2313
788
8560
6126
8240
5115
9043
6262
866
5188
7895
543
235
9239
3856
3879
1965
6693
3212
7995
7120
1426
2079
163
8759
6353
1944
2717
7022
9420
6496
8613
5204
2754
6127
3841
7759
8673
7510
8364
7398
8539
9661
3465
2543
3027
4542
4826
8273
5267
9867
7532
3588
1566
4086
1265
5357
7889
8696
1405
4588
4173
1030
4496
3846
2646
1431
4588
5555
833
2339
344
9698
4665
3251
1470
5990
2223
4701
7035
9994
4047
6493
7534
4851
1623
245
7197
271
1740
3970
2935
8316
690
6924
1615
1070
8976
6196
7852
8800
4136
2671
419
8424
6570
2869
6548
1212
847
4923
9861
5500
2869
1469
9534
4921
1480
9620
5345
5137
1635
8306
5759
2417
5080
6283
3884
5496
3652
9895
9243
8138
9755
8259
1633
3557
8359
4985
7055
3438
4952
9752
4672
3679
4273
111
8068
6174
5362
3733
3705
960
9514
4007
4390
5892
9008
7325
5828
1617
6212
8748
9886
8088
4541
3778
9043
5116
5085
7952
2723
3511
5294
2623
7668
5277
8974
4913
1321
997
129
2113
9325
77
6632
6006
5656
4808
3611
557
6655
2390
548
7211
8306
9944
558
5629
9426
6371
5106
4125
2169
1415
2494
3285
5205
6733
3849
8296
4252
5942
6063
359
9257
619
7162
5237
7464
7073
5914
7456
6826
4323
4137
1976
4809
7176
7130
1246
3470
9557
4935
4484
2904
2300
4710
7742
1619
6522
2408
7845
4236
8372
163
692
4002
3477
4298
4505
59
9710
7745
1658
7129
5063
9768
8462
8369
3328
5379
903
477
4083
6596
5751
3846
5007
7794
677
9545
3985
7777
4061
9194
5613
1933
5015
3458
1759
8858
6851
9782
8635
7152
2630
253
3484
9773
9808
6015
2422
5266
2021
5552
7249
7480
5
326
3095
7970
390
2742
675
8174
596
8231
6606
1677
470
5365
2758
390
6425
5332
930
2319
1858
4857
2274
2753
8372
4710
1856
5132
5974
9308
7458
2691
6809
1599
8364
6986
6224
1412
4189
4890
7008
4768
6056
1286
7490
6257
2415
773
1855
6523
9619
7983
1527
2143
3026
2806
9717
5743
7803
3741
7396
61
9926
9908
7822
854
6883
9794
8500
25
4510
2765
3996
2179
1083
7530
360
4906
2277
321
2115
5548
947
4347
5704
4931
3820
1259
9115
1607
3117
4819
5989
8525
4900
6733
3924
7726
7511
4706
949
7644
2840
3167
1148
1925
370
7849
274
8268
8965
6388
4892
733
4148
8498
4014
9227
9317
893
534
5388
7726
4094
825
5011
8366
547
4829
3300
2930
6062
5641
738
2943
9475
7185
4188
5819
8647
888
9933
6135
4469
7459
2803
3727
8325
7831
8299
3343
2675
8132
2649
1538
8840
7159
9126
5263
861
1211
7628
3162
9402
419
8514
4981
5048
2706
1008
6693
6079
6380
1072
8939
1806
44
3636
4233
8930
8950
9247
3979
4982
259
5813
9840
9916
5731
1965
5200
4172
9317
9732
1599
9122
8829
736
1851
3714
5429
1913
6276
9342
2004
3883
994
3491
1694
7528
7533
1550
775
2076
1148
5333
5939
1050
1196
6308
4574
815
663
1318
8090
119
3529
8651
2553
8043
8023
2742
7938
2060
1014
6471
7149
7539
3835
1067
8652
4950
2590
4967
2000
1270
6702
4616
3876
7662
7850
2170
3321
6348
7731
7325
8786
5789
7159
3106
6340
4778
879
8322
7927
2865
2174
2624
894
6635
8887
3636
5218
8805
7737
9429
2787
9859
7012
3819
3941
9964
8626
6363
12
2319
9289
3768
7095
7742
7141
4468
5438
4306
4550
3542
943
5141
9988
877
66
2134
1924
1457
7125
3194
5451
3064
3452
5998
8055
3254
1167
1672
4329
4499
399
7762
741
3621
7758
991
599
9240
5524
6837
6254
8873
5630
4730
306
5512
9795
4818
32
2056
7404
4673
9634
795
5643
2035
2999
4288
2245
2790
5641
3480
9755
1691
8221
8609
1689
7074
5650
8620
5139
9751
5136
5138
1474
639
3747
7811
6571
1232
1072
8824
4754
6008
5379
5756
6024
6084
2297
3575
4518
8987
3529
8540
7179
295
9308
9065
5590
9056
2437
1160
616
415
3601
8999
9048
5676
7347
4346
3804
2132
5644
2122
4413
2445
1254
3212
2457
6098
6270
9776
7473
3492
2138
2786
2400
6634
6236
6281
4076
9046
6647
7938
3514
1509
1157
928
2752
9582
8711
7768
9874
3432
1546
2886
1524
459
4074
6970
2680
6440
195
2797
6738
1469
4197
9237
5092
2838
1613
7363
4287
8205
5540
221
549
8849
750
5693
6064
4668
2666
100
8693
9652
745
8730
7007
9021
6175
8297
5494
6958
1897
5511
573
6908
8914
5369
6672
4804
6625
2582
3013
9253
6473
9630
6025
1707
7603
5331
9278
3950
406
8531
2762
9865
8829
2548
5927
3355
5192
7337
4440
4554
1832
7988
8868
2009
2383
151
4608
9393
1757
5231
6311
1483
7927
810
6766
5633
553
4628
9751
1781
1144
3698
8723
6144
6980
3620
8361
1198
6334
7026
3983
7257
5676
4227
4634
9064
478
3592
9233
4127
2
3978
1624
8266
3032
6592
9548
7779
5890
9099
4645
6988
6268
488
5419
4511
6431
1213
2772
1560
7157
9507
8194
798
9418
1377
7996
4844
4257
8777
3041
9387
2573
7717
2399
7065
5590
5661
1032
4722
3693
5465
6176
8509
5981
1320
4451
8380
5430
686
1873
5984
4842
5048
1930
7679
6939
1474
2693
7483
7862
6408
2502
3111
7119
2921
5210
1943
8604
2721
192
2782
6671
4632
9351
3521
8463
1942
3234
4510
8703
2093
1001
2304
5968
3458
4516
8745
108
5666
5066
5865
8917
1850
2363
7987
8436
3500
9371
8572
5301
1164
3249
849
1498
7168
2220
8082
1511
9720
550
1446
9419
1288
8981
909
8792
8000
5927
7261
1364
937
5556
1504
1434
4667
2459
1157
1679
3153
9063
1745
2659
8232
1105
5704
2654
1286
8612
262
6696
4426
4611
473
3650
3524
1500
3497
8019
1811
5472
5478
8810
9344
2694
2933
1206
665
7018
6409
8078
216
7945
5383
7428
2683
9267
9838
8757
3317
3386
5777
6012
1534
3613
9058
7334
9563
6972
4340
2079
6815
2970
3711
3793
9740
9601
2587
3713
6433
6466
8875
3146
5025
6279
5046
4663
4961
289
1779
1407
692
172
6127
1025
8009
8790
6798
5740
4275
4911
4040
2904
5141
2437
1905
1000
2002
2978
6188
4521
6383
1735
2231
7399
9761
546
2945
8744
9860
8695
8912
6524
7418
1615
9229
4524
598
9974
3871
5431
7743
6797
5791
8203
3039
8266
3714
1039
3763
4601
4631
2179
2294
1071
8392
9560
809
5569
5447
6901
1688
8416
2800
8179
2060
2120
2549
4672
6619
3649
1978
8722
8866
9446
4139
6237
7292
3906
3069
5533
9639
5313
8366
3626
5349
9338
9709
2280
3608
9125
3088
5242
1935
2716
7010
4940
8217
3096
8743
1655
7255
3513
7795
651
1462
880
6238
3091
4140
3049
3250
4702
2956
1524
4284
2085
678
9826
3667
347
7
9073
3085
7278
9441
6632
7432
8704
7499
698
3787
6835
3344
3526
8917
8434
2873
8697
5616
2457
686
3305
8462
7455
9981
4201
5106
7467
4399
8559
85
1398
8117
2965
4340
4947
3057
1898
5100
6038
5012
6077
7612
4397
3671
3474
2306
3432
5069
935
8428
7902
8822
2391
7903
3978
6648
359
1258
9271
3160
1099
805
9134
4666
172
4952
2141
6815
4379
1520
2018
7327
8117
7241
5503
5755
7023
5240
5615
8249
9450
2223
7647
1637
6806
2339
819
7789
7063
5267
1983
6177
1854
1901
9032
9850
6497
2231
729
7592
4005
6486
6562
2967
8684
2421
4939
9146
2275
8759
522
6945
5775
7195
1843
2339
3017
3174
8477
8860
7917
8637
2977
9779
5885
8366
6559
4690
1300
5202
9085
5279
7201
8406
3273
5381
366
3762
268
1211
4826
3609
8724
8629
9499
9953
2343
5665
1137
4027
1492
174
2057
1238
2916
4445
3210
1314
7883
883
7111
9616
3113
5442
1816
7125
773
8423
6724
3368
3478
5427
3322
8698
7788
4811
9126
9771
4982
1804
1112
4796
1030
3622
5649
3192
8653
4349
5617
7678
3086
3154
1756
5464
9771
4492
4558
9243
6545
4332
5028
7970
5134
2174
7513
2032
6743
4647
5455
7355
4348
2807
1397
8240
9973
1909
5882
9254
8628
9397
5963
2405
1881
4115
2970
6980
3096
7352
927
5941
3266
4210
1507
4569
1030
2021
8817
4172
3035
1041
7439
6098
1059
1506
140
9043
505
278
7461
5697
774
9771
9984
3153
1817
1613
5520
5157
2733
7617
7642
3301
7650
1000
9090
8560
1336
1523
3368
4176
1997
9247
562
5844
1541
2928
8866
5391
4202
741
1600
9702
2911
2970
605
7493
9000
8587
821
2752
4955
226
7575
5131
1781
4963
7652
4376
2248
1507
7579
8047
8810
7976
7703
9142
298
8216
8653
3044
4618
8805
7519
1235
5651
3347
4739
2597
1301
5418
9059
1801
6194
6627
7184
8284
6956
1659
6757
8617
144
7865
6193
9682
2965
2996
2508
13
4694
1038
8820
1905
2373
2704
6438
7439
7798
4157
2601
7447
4071
4787
3808
3622
9062
2439
6441
484
16
2427
903
5688
8228
4846
2846
4316
5225
3238
5258
5203
2223
6508
8103
5097
2744
5122
8068
9515
4246
2091
9510
7521
8352
9026
9147
1330
878
7624
1269
644
2193
7359
7264
5931
5684
845
3120
4474
7089
9396
1237
7948
285
2600
8341
530
5749
7430
9610
2105
6380
4322
199
2000
1593
9970
9284
4846
4695
9148
8468
1691
439
780
5937
6262
9325
6698
98
8414
2758
5036
1604
4231
8464
4064
655
4978
8735
6404
7243
5182
4979
8042
5619
3457
858
1314
671
8404
2822
6149
3151
5888
1269
9229
2687
3304
7745
6466
2425
1075
3591
196
6760
1540
3304
8844
4131
649
1469
3464
125
8430
5614
2507
2245
60
8545
3464
6626
564
2852
7604
8671
2656
7099
1935
4185
9026
7967
733
4861
7528
5075
7488
2219
134
5578
6990
7002
4258
3724
6394
6879
8132
6547
3576
3887
266
594
892
4449
6721
6187
2493
9060
8896
5081
3797
5758
8870
4594
2392
1340
8917
6282
705
6974
6796
72
2080
326
8597
5368
3575
4598
6552
9137
750
5992
22
7202
1987
5043
4113
9063
2468
3952
1812
8443
861
1633
2393
1462
4941
524
913
1837
5924
4368
1096
7854
5129
4174
6612
8947
714
327
3822
733
6719
2453
2457
6036
1412
5037
9331
6076
7014
6021
4231
327
8300
7677
6398
5786
3269
3863
4654
6377
5107
5466
4152
1051
1011
6305
7968
4782
69
5067
2326
80
9396
4915
83
7944
4957
1395
8333
6203
1121
909
2430
124
890
6646
572
4816
6948
6150
200
1515
2207
4917
9885
129
7371
3353
8131
8548
2180
263
3584
5218
6461
4582
9492
5170
6887
8546
8948
1337
5444
9660
6451
2317
5994
5924
5615
4981
6029
8577
2475
5305
1769
9330
8786
3658
6043
4505
9931
1367
100
6801
7639
3879
2405
6523
8552
2068
9804
7997
5888
7303
8976
3651
2932
7815
9032
7772
3881
3543
9327
4291
9715
4202
37
8141
4168
600
6967
7684
7640
2394
6116
6502
4939
6395
8066
6479
6105
8309
6996
453
8261
7387
4205
2022
422
7791
1469
2069
2510
2750
5212
6453
4417
7525
8556
6981
931
5074
4602
8231
3541
3907
985
6116
722
1088
2673
171
4164
4603
7288
439
9573
8363
4791
1611
7208
23
1286
1558
9061
6479
4907
8795
6784
4423
273
3546
6820
3638
6844
87
7002
8890
5660
3815
1904
2181
8385
5102
2609
903
2401
3414
248
9015
5721
9380
1632
7726
5963
9589
9651
9395
8271
8672
675
3335
8143
5965
6186
5060
6441
9472
6050
1127
5515
8186
6460
190
7336
4872
6390
7124
6802
5394
2628
1165
5983
7355
4921
897
7955
364
9585
8592
2095
2625
2051
3952
6235
3671
6243
2596
4911
1072
1439
7786
7082
9731
5311
4830
1171
5975
5215
6351
59
5073
8489
3198
3729
49
6501
149
2671
1679
6495
7754
888
4431
9919
1685
3329
769
5830
8767
8957
6713
3225
4509
7268
4855
6707
413
3089
7112
5754
558
1694
8435
9049
6086
3940
4399
1826
3048
8955
171
5972
3796
176
5667
9786
4622
9026
1906
6671
2628
9380
6549
9838
2997
5095
2361
3115
3746
2386
997
6335
8815
8535
5880
7478
1915
8593
2197
2695
2953
2060
9062
9703
6021
2285
8758
9601
2994
2348
640
7133
9551
2499
2743
9654
1100
5921
2449
599
4537
1493
8660
4141
8004
4573
1840
3905
4910
9330
5019
79
353
9130
8399
6103
7765
4636
2543
8204
1137
2840
307
8488
3496
4069
5643
5068
5407
8169
8203
709
8292
5520
6259
4906
6031
3312
6899
2933
4959
2618
1660
9439
6706
7179
7804
3452
551
537
325
6272
1956
4179
7393
3671
1785
5688
2473
9063
6328
2561
9591
4864
1714
4294
4381
5114
7539
2624
2413
3644
3640
7419
8063
8551
776
3565
1714
5529
741
2470
428
9770
3886
272
7402
8539
2383
3723
8504
4288
5688
3840
9956
1236
606
6901
9854
6693
2123
2105
7626
2113
2746
5356
9753
7828
7467
8975
7127
9745
8679
7886
9257
5892
356
3864
3223
5634
3669
720
745
4626
6812
5003
5012
4137
272
8728
49
4220
5037
2922
9291
6412
5310
3379
6766
3140
9171
2896
3846
7783
351
7493
6854
1516
1752
7637
6006
440
6711
9322
4119
9266
7111
4026
4336
5901
8414
1004
9691
4607
415
174
3792
4127
9131
8929
1082
1139
9595
1602
7220
8726
1528
6051
4951
4145
9881
7817
8522
144
44
8685
148
9278
3175
3095
5363
1270
536
2839
160
9309
6976
7741
1758
2361
2799
7605
6558
7082
104
8625
3394
4697
4420
5656
7531
5355
4932
276
1038
4894
6945
3394
8129
6684
8356
335
9882
4282
7840
5768
1305
9014
6243
5638
5187
248
4221
3331
1358
5148
8561
7737
7050
8991
6824
1541
3883
6746
4937
9137
9684
1563
5207
4878
8825
6029
2859
4036
3028
7648
7632
790
5744
844
3252
9869
7059
3962
1644
1021
2883
1267
660
8429
1649
6711
3778
357
4156
8387
7740
7874
7325
3
9414
5329
637
8455
6327
9384
4777
4645
6219
7909
5673
8051
9768
4781
3462
4226
7184
1747
5207
8437
3766
3889
2179
7902
1708
971
7420
9762
5453
2921
6927
1809
5719
4112
8291
8273
2933
7687
3938
3497
4308
8176
2174
2213
9994
7919
8208
6321
2850
400
9005
4549
3254
1479
397
3188
5078
7752
2222
3219
1426
9769
7425
1577
9116
6689
4020
2036
8963
8107
4651
4258
4911
8228
7022
7934
8788
7374
9951
2598
9066
5863
3986
2708
1347
5715
2572
1900
5546
6368
9639
9916
9703
1575
2096
666
3220
6028
1243
107
2910
1883
5378
8200
3740
7333
6987
41
2374
1644
1808
7486
5703
3670
3824
4058
8451
3744
9735
2722
3606
2070
8839
8271
6989
264
9427
3452
2537
6524
747
738
8054
9067
401
9697
2112
6926
646
3277
1552
1980
3476
5003
5599
1179
3592
3099
6994
3327
414
6815
2746
489
5133
4906
7112
129
6483
6096
7243
410
9372
6636
7557
7746
3809
609
2346
2655
7687
4505
7418
7246
5854
8765
587
5232
9690
5514
7768
3311
5885
3457
6093
924
536
8095
7984
3942
4776
7797
459
6680
1187
4040
2047
5772
6001
7167
5666
8919
716
7398
9569
1268
8162
4495
17
2323
2278
8490
8761
6612
7916
8178
5567
2133
6824
3712
1068
1549
8636
4555
8024
2497
1177
4289
9707
4995
2672
9356
2601
5907
9564
9643
6823
2692
7556
5035
1788
1266
210
3539
6498
5693
9006
3393
3529
625
1084
3680
3338
979
6077
5430
773
7115
1421
7900
8864
7985
6313
2806
5882
9144
8094
2634
425
7330
1251
7852
5867
8360
8462
1822
9877
539
5135
1538
6934
1449
3779
6915
1742
2045
2170
1302
9313
8294
9776
1133
3075
7264
202
3167
5847
1530
3505
3670
9766
3023
1141
5054
316
5053
8066
1970
6511
9142
1003
704
3977
1491
9300
2773
165
2452
4910
6131
1295
1212
1057
5070
8714
7035
4901
3004
8339
7880
8142
655
592
6986
914
5892
9819
8109
8541
407
1561
473
7780
2771
3247
5255
9022
7001
8892
6392
3584
714
1192
9887
719
7183
5065
7410
7245
1173
5107
1964
3802
9289
5719
5669
5675
1776
6708
2276
2825
4171
9077
9964
3345
4046
5379
3164
6864
183
6572
5656
9643
8950
2574
1088
1041
5407
6903
1135
1844
4712
6705
6053
8540
2774
8243
7104
4061
3783
4486
5450
4706
6238
5833
7487
5031
8393
7198
2344
7343
8683
4679
3234
69
6595
2882
754
9804
4715
9587
2825
5067
3224
7896
2953
5974
4003
7258
5763
2867
2665
3851
6341
8752
3344
7670
7830
4872
2872
8377
9920
6130
8100
4477
9416
3245
2526
706
2909
1472
6185
6647
688
1547
5758
5547
552
7094
262
6063
9908
4157
1360
1227
4642
2748
6305
8327
3678
7344
5872
580
8802
3112
9206
6481
401
7324
2494
5559
1077
881
8579
9869
753
3166
200
9034
8859
4569
427
2878
1447
4889
1
9784
3689
2622
2844
786
1088
9612
7746
9120
5981
7941
6403
2421
9396
1098
5393
150
2201
9410
2408
1886
3603
555
5154
3141
9543
9550
4658
4060
8289
9032
3429
2966
5632
9880
2907
1104
7472
4270
3943
7101
3316
8096
8664
9704
222
7367
2012
5164
3056
3673
6511
1266
3599
7086
4327
3460
7976
983
6602
9808
9193
2184
1198
517
9102
1534
6491
4754
2074
4590
650
2076
829
9437
2979
8377
3416
8808
6298
6534
9167
6692
7123
97
609
5365
3414
4291
7776
7408
8084
2382
1124
8693
89
7004
9370
2539
3962
5463
8945
2264
2918
5195
2492
9263
308
592
4836
6345
9117
5218
6221
1585
9448
4077
4240
6229
9484
9043
7843
1271
6308
6815
9108
1278
9116
2843
1022
720
8881
6547
2428
7645
5302
2851
4520
1870
4024
2565
6762
18
4511
9473
3991
7744
1732
5103
563
237
2863
3135
1904
5730
3553
4126
8583
3142
7038
7828
3118
4206
3322
4754
5131
2498
4997
836
6161
6603
864
9044
1502
2352
8458
9632
2743
9517
1836
6356
1343
1667
1520
9394
553
3960
9373
7028
252
2596
2370
7149
6862
1361
5700
6596
8406
5237
7468
991
2989
8418
4370
266
7497
4224
134
5379
2159
7392
6305
9890
5767
5008
7950
5960
5792
960
5289
8150
7441
179
5889
9925
5766
3217
1086
7192
5333
8675
4587
353
2695
935
842
1424
7918
3236
5673
5523
2749
1675
1945
6721
4672
3956
8563
6680
8070
7859
1991
741
5948
8273
5648
227
8317
8401
4036
1602
6190
263
5270
2807
3374
1995
7784
4630
1778
4582
4422
274
9767
8676
9891
9415
7277
2906
5563
4015
5828
8727
9033
1888
6397
3225
4481
599
3143
572
3908
8667
6439
4840
8608
3236
4321
1720
4849
3375
7527
4417
7707
6021
9631
9386
2182
7173
405
948
1337
4436
7538
9875
7029
8229
9093
9964
17
8090
6678
8352
2691
7348
7201
9869
9503
4174
9318
3066
7290
9494
9164
5726
88
2603
8834
662
833
3423
217
8359
5338
6324
6241
1667
2356
4162
1377
9125
7190
2775
3329
7754
5317
5561
8234
3191
6806
4954
2430
4878
1902
2629
4834
6693
3121
3087
5364
8907
9404
5903
6440
5601
3470
375
6594
2824
4343
2563
7475
6660
3243
8783
8142
7116
2495
1515
3414
3262
3947
3357
6289
7454
5476
2190
7933
1574
1617
6044
2616
6254
7078
9255
9093
4810
9974
2496
4407
7229
4976
7993
856
5967
5245
7820
1968
4533
6022
7554
8711
1898
2071
9765
2892
594
5741
1821
714
4059
2404
323
5812
9243
5227
108
7717
3794
1809
9207
8684
3240
1090
2417
9081
2499
96
5195
9128
7789
6616
6489
2668
9522
5676
3811
6887
4160
4812
6359
389
3147
5583
2326
916
8
6490
4666
3103
2528
5544
5540
6165
5490
9067
3413
1162
893
7038
8347
7581
6787
4229
441
9383
2905
743
3529
1366
1135
5139
1302
7730
1514
8289
5784
6046
9955
6342
8799
1521
2142
6733
5444
8369
9195
2037
4887
7412
4579
2667
7871
1588
8480
876
2175
3980
5415
5375
7004
6159
3172
7954
4765
8179
6379
954
4034
5398
5944
7166
630
1449
6422
1808
4677
1131
6965
9571
282
1797
7908
8438
1038
6879
4308
5952
8943
597
9754
2928
6523
8618
8661
4218
1951
5442
2877
6062
4792
5654
8972
4827
5620
2801
5802
2462
6216
6645
8106
9880
8296
6794
768
680
7826
8318
121
4059
8815
2856
3208
7650
5223
6914
3276
8066
2106
7603
9927
9412
7429
4902
5355
7743
4160
8655
3854
2528
8150
8007
426
4513
1094
741
5700
3101
9445
72
8618
5325
9522
6848
5388
2810
6247
5825
3037
2758
7987
5719
8600
3876
2747
4052
408
8458
1656
9481
6289
7373
4085
6250
4547
5552
5015
7692
7521
1803
9358
8274
4277
8227
9792
6606
8476
1340
4389
5030
9869
9125
7824
4929
2988
5659
5254
751
4626
7714
1117
9871
2448
5775
6041
9894
706
5311
3795
9770
5443
2787
6812
6188
782
4916
3188
2087
9969
8964
245
9895
9649
6514
9782
8054
3575
3062
7940
5800
2369
1022
8245
7768
9292
4312
9855
6978
8065
8534
4268
2022
7689
1964
2858
1879
963
9034
4448
9652
7920
9833
6867
4770
2774
6239
8925
1703
3107
7737
9551
2069
3041
7738
9021
6193
7905
4245
3079
9607
6517
7090
4592
9769
8617
7666
8882
8377
9218
6039
8318
5039
8688
4665
8910
8776
7211
7524
6675
4874
4956
8447
4367
5912
4771
2631
9794
7473
2480
905
5384
992
992
7173
4949
8463
8333
5657
7624
6342
6453
6031
896
8846
7177
1374
4283
4096
4052
5954
2782
62
3994
7331
4474
1087
597
9958
9867
9972
1818
5574
1457
4987
8262
8996
768
6040
4817
6637
6711
9232
7509
9067
3464
4509
9581
8207
8301
6769
5579
4422
9780
6855
9960
8657
4540
5169
7148
33
6588
7315
3318
9873
6401
8136
6253
8990
8432
7770
8536
6261
4674
967
1096
2988
8830
8779
8630
9379
333
9978
5812
6573
9955
8047
3332
89
9094
8465
5820
8305
2934
125
9478
2645
3639
4210
5845
4503
3493
3617
9567
7638
9481
6095
2220
3741
166
4701
1335
3208
2954
9841
3569
2755
4804
8232
3690
6439
2299
5432
6466
6924
7604
240
6880
9340
5311
1250
5184
994
1385
8086
7215
6349
9557
2463
7123
8199
2342
7094
9227
2750
3596
3706
8024
8463
7001
4916
593
5933
223
8593
3571
8818
7602
7451
7692
3902
5177
1105
6486
1732
636
2581
2131
7955
7312
6374
707
9487
5767
527
1107
8930
8696
936
6761
5289
4857
2114
6942
8967
5624
4954
4937
4262
3326
8728
3659
3151
4016
1476
5343
9994
8583
255
935
8003
5166
262
6467
4800
2728
9799
8286
6184
347
6207
6334
4369
9284
6456
4850
9369
5217
4915
2864
9953
6159
9944
2596
3668
7524
459
2532
3760
9580
3367
3328
4540
4075
2852
8927
5727
6224
2919
2333
586
5452
5291
5318
2328
3261
5793
4016
8157
9453
3693
7830
579
8552
110
7383
1181
6720
3580
8320
2912
5718
3134
1720
3122
4553
1829
8567
1076
1307
6580
5315
488
7370
3353
9874
9729
3792
296
2588
9801
4793
5233
4676
2896
6617
8099
7461
2450
841
3339
9271
8933
31
2082
3341
4322
203
9002
9258
2191
8919
4144
2543
9652
67
5743
1796
2021
6370
6061
534
981
8485
8625
1284
2294
5211
1879
2824
9648
2746
1254
7552
7098
2214
8906
4866
3741
3737
7972
8189
779
2229
6113
7817
2889
4769
1279
9076
2984
1944
1216
5515
1845
5840
7021
9760
1875
5525
234
514
7254
6815
2397
2742
1178
6833
5814
9531
4518
5506
4298
8305
9229
5473
3114
1169
4186
9110
8047
8956
677
6377
4519
1248
9775
2
9053
118
4022
5174
7001
3613
1427
9349
2438
6136
636
4039
8392
6754
2337
4521
8160
3232
3437
5289
1375
9108
7350
8783
1687
3485
5889
2411
6466
8381
5639
4231
2743
6457
4474
780
7793
2742
1900
1470
7185
7551
319
2781
7946
4252
2944
1982
9529
4714
8125
4559
701
7363
9134
1690
6186
7577
3078
4128
2891
7855
2557
6674
1926
5648
8893
3065
9229
50
6359
4524
4625
4638
2662
6517
6365
2662
2147
7301
5830
2542
4667
8742
4958
6128
4879
4595
7167
9568
3829
3917
1073
6782
7157
7640
5159
8510
1944
4437
665
5712
7332
7978
9468
4680
2382
1430
3467
2659
8333
6628
2109
6986
1409
4715
5047
7805
6644
2269
7682
4270
2791
1933
8336
6807
3336
9378
7144
3497
8859
9078
8418
6920
1569
9822
181
8909
3676
7139
6860
4577
7474
3878
3702
3728
6489
2110
4383
7252
3843
9147
6503
8530
6132
8062
3155
4980
8521
8348
2639
2875
9517
5529
2496
9380
1931
9472
8536
9302
9916
9911
4287
526
642
4256
1394
1290
3167
7153
6877
4520
6380
3473
8912
9287
2480
6383
8760
7125
2425
3
2877
1408
5009
1783
5829
1303
1773
3164
1648
7896
5851
8378
8488
9010
4009
278
9092
970
7638
8999
7411
104
282
3953
9992
4127
6376
2130
9237
3710
8312
6059
4479
7534
6716
2870
5997
9902
1828
1861
6516
8592
2301
1744
4547
2052
1367
302
3987
9271
9359
8575
4815
2684
5835
8905
418
4339
4217
1157
8132
8213
6753
4272
873
7054
7879
945
9454
386
9594
1649
7065
1457
3352
502
9749
4805
9133
9552
9224
2834
3873
9912
7352
9370
8219
7910
4750
474
2707
1899
9556
7996
1887
712
6209
9307
7671
7876
8261
7450
1216
6639
3686
9539
6059
9646
5933
7678
3857
3642
9060
5869
8127
3986
689
8445
642
5959
2221
401
9800
9837
1789
7668
181
4544
1774
5856
7769
332
9315
9277
5873
4369
5278
8168
2639
4384
4344
952
2236
4601
6541
84
8296
5056
8384
4609
9973
110
29
9863
8150
4458
3381
4961
1687
5295
4908
1666
1428
7372
6075
4022
2662
3700
3786
6763
5171
8348
2988
1899
3622
9400
3659
7124
107
9502
4853
6727
4884
8630
9129
5533
1058
8722
1758
9094
3808
2635
424
8790
5051
530
2790
8817
9982
5222
1249
3141
2789
4314
6485
4403
5031
979
4022
3495
1658
7161
861
8066
6473
2653
2526
571
919
1019
4322
1643
7551
8653
4518
2547
2263
6406
1229
1256
7421
4149
9332
321
1386
7405
8424
1076
8651
1766
8018
7998
8745
5167
1492
9048
1412
327
6059
2684
170
9638
2060
9913
6290
2627
1187
203
484
1752
9913
3394
137
5723
1373
5833
5804
815
6213
7880
1858
9711
487
1663
2677
4289
6629
2485
7569
3463
1699
4677
4734
9725
5642
2804
7028
8305
1150
2158
9997
1062
5834
8240
5747
3114
6924
3523
4535
4011
8436
1246
9719
6804
876
177
607
7765
3936
1331
2154
6688
3338
7513
9973
2751
4029
9180
4150
3679
3255
5623
5526
6657
8695
8751
3708
7819
8789
7860
6921
3454
4705
7692
5
105
5917
8820
8347
2645
4333
8921
2345
9094
5078
5869
9130
8469
5572
8741
5691
3257
8405
802
304
1274
7629
9328
7206
2562
2567
744
2844
5807
8013
5941
703
5267
4783
9892
5694
3628
9977
1717
8428
8390
2025
6193
4278
9381
1619
5391
2089
2843
5963
9574
2647
3155
433
9806
7536
6697
8692
811
4931
3652
9590
1543
19
2561
6762
2648
4251
9395
4736
4552
9431
7548
3577
7261
9769
7700
2619
3106
7449
6810
2680
6677
5026
3634
5297
1951
990
4107
6975
5239
3245
3699
6252
3992
8895
5406
1417
5726
7750
1455
7175
8375
1256
3961
9218
3231
8179
4812
6721
4303
3301
7874
4101
3386
5639
7224
5025
8455
8241
3603
3645
4057
2486
7501
259
6347
6014
1388
1255
2086
4874
5474
6026
493
7318
1084
6806
9204
8756
3241
884
710
4858
9374
8485
3698
2485
4208
3776
4427
6227
1826
888
6950
1688
4666
1667
7349
5312
5789
6894
6431
4579
5120
8175
7319
1674
2595
3368
9275
8368
1109
4474
6737
9782
44
3224
3010
9932
5724
6279
1392
2536
8647
8892
2565
6414
8571
3181
6041
5987
7612
4726
5148
3917
8398
9132
9609
4665
9034
8386
7097
4950
9100
5372
5342
9436
1286
3753
9305
7795
1351
9573
3779
2294
5068
385
322
3455
4575
7508
8889
5010
8106
7084
8736
8355
6487
6018
215
1045
6962
9593
8931
3449
9923
8575
6400
2648
6951
4970
6829
2904
9202
7227
7920
7543
3622
7674
4713
8030
730
7211
9396
2132
1793
4909
6734
4605
5080
3036
4323
619
610
1259
9204
4274
278
7303
7576
1972
5613
5151
2276
3177
8511
6074
3542
9132
1272
2191
2117
3475
994
7065
229
7396
9988
2918
5161
5936
8220
9454
2199
1375
6024
4988
8570
4243
5312
6596
7689
2442
5339
2366
3470
4194
4715
5438
7761
1098
4812
6533
99
3450
948
8907
7830
1147
6834
7263
6440
5
4640
83
4433
5121
7723
3002
4460
30
5589
9426
2588
2841
971
3396
542
8268
7050
8860
1578
7554
8771
8999
9222
6630
6002
8989
9540
6541
7816
5705
1834
9175
6598
8253
9685
5619
7843
3938
4146
4112
6547
5293
3511
9451
3901
5146
9617
6016
8633
8331
8871
2071
5808
635
7353
3905
2114
7837
3220
4554
796
276
6374
3336
1218
1296
4925
9221
7792
1137
289
3214
467
1334
7966
2318
4339
8566
8994
436
9054
1016
7889
9564
9615
4773
6467
8074
9002
2599
9361
1493
9532
2444
6295
5233
4326
8520
8181
8001
2396
3433
9005
9260
928
5921
3090
4013
6099
5061
7826
3471
9458
8486
5250
675
318
9074
1955
6047
5852
1900
5716
9004
9708
783
8964
8280
6787
1690
3781
5393
6555
8448
414
2820
9779
4770
1525
887
3865
5413
7302
5090
141
8445
2429
8661
2374
66
4432
3540
9536
3195
4407
6586
7456
1135
5316
6892
3346
8006
98
4321
4388
8378
1701
9054
6595
9542
9781
6836
2972
1191
4332
4856
632
8958
4758
8777
4979
188
4041
2270
5324
2627
1553
6595
383
9278
4778
9297
3964
5580
9795
7840
886
8289
2670
6163
642
8946
9114
9556
1682
8673
7724
5997
2282
5181
2915
160
4957
7330
7263
9656
95
7374
9384
1758
1095
6091
2710
2868
7656
1418
2567
2268
6062
6905
3803
6333
5341
2344
8885
9305
5953
5258
6868
1981
3353
8588
6923
215
2172
6873
6220
1016
8052
505
862
5181
3226
5222
328
1936
8826
1896
386
2818
1603
9900
6816
9185
5230
5853
2436
166
6723
8383
2917
5588
6606
8701
2642
1499
7421
6231
484
4259
8933
8337
6801
2860
9957
3253
7143
8122
6113
5738
5247
1736
16
5688
7713
7720
5425
949
5457
3800
9676
6940
2471
481
9386
7317
760
1106
2835
1893
1383
7091
8726
282
5484
8687
5050
2363
5888
3149
3719
9497
9408
8937
6283
3716
2348
6768
3587
5572
6855
5710
7528
5189
3755
5278
6214
5238
8293
2553
4784
8960
8808
6703
2879
1207
4784
1968
6363
5500
9950
4173
5253
5530
8139
5134
2009
5254
4475
3935
4383
7727
2123
4001
4793
9180
5301
125
3874
1497
2575
162
9271
3191
519
1976
2015
6283
6783
7421
1887
4041
3304
1600
69
2480
4963
7479
2074
6684
6311
3048
6446
1589
9210
638
5062
5662
7134
5771
8997
5091
7754
5946
9839
5543
3952
8173
147
8339
4888
7697
8260
7963
2943
9411
2101
8252
9400
7697
3781
5294
1589
108
1842
6106
6889
5208
782
3503
4449
5134
8153
9204
3786
8998
7965
9209
525
4140
5384
7718
3455
8384
1801
8505
3809
7983
1202
5495
7215
2714
8508
7569
1114
1728
8032
6105
5628
1177
5525
7606
3792
7378
439
7941
7926
7367
5965
9160
2446
2000
3153
4630
9906
5516
2032
3337
6227
9410
6982
9574
3155
7801
5859
9980
823
6091
2333
5891
956
4650
8766
5325
1749
4486
2565
5552
8728
2450
2393
4189
2020
9352
1904
4003
9347
5586
7701
4225
5833
5329
5148
9057
6201
2203
312
2275
2339
6389
8882
5353
9336
5634
3161
5378
6116
328
6440
8163
2534
5875
9941
1450
3451
3970
1326
2837
1688
8053
5314
7195
6009
7239
6336
8685
7307
7277
373
3272
6027
6773
8100
8568
6531
1796
4319
9267
9594
2237
9266
8003
2472
8885
5838
3497
7155
995
3062
62
1262
356
152
5202
2815
9323
7458
4859
9646
7121
222
9149
6553
803
8654
4904
8475
4720
3079
5191
5958
5079
6119
135
9946
4221
4756
7828
6564
2640
3918
8886
8946
5417
9805
3296
2416
3774
5530
3609
1354
1717
3868
4235
941
2388
1917
2623
4641
8671
283
4467
8747
7827
5044
1682
8633
512
4201
8926
7430
377
1578
1650
6777
1656
189
6285
1018
8614
4016
1083
772
2561
1795
4300
9127
9244
8938
4986
3910
1852
4056
437
2443
2632
4634
3555
977
9153
2424
2799
9636
9647
2818
7183
5073
5501
4079
8904
7300
8015
1667
6515
4195
795
115
2348
7015
8831
9898
8852
2942
166
9577
9893
6152
6395
4128
4686
7183
3696
8813
4018
1502
7044
4216
656
2052
6394
2128
8479
7342
5126
3852
7713
6112
7850
2219
6907
2039
6805
6076
5789
7044
3474
1357
6988
9787
4843
5989
8751
6711
1731
6796
5264
6586
23
5368
5931
5952
4303
6398
95
2059
7391
6404
9031
1951
8573
2926
2820
1214
7967
4310
5672
3537
4353
8013
9655
2749
9093
1001
3402
2268
9271
9245
9365
2999
9091
4596
422
9647
9733
6380
4259
7132
4374
1952
1850
3324
6865
5133
4535
1696
9706
3963
2788
7629
9361
9543
8519
5108
4735
5850
1993
6306
7640
6372
3839
5206
2506
7168
2439
7770
6233
7524
7071
5441
8080
8762
7556
5770
3816
8966
1899
3835
7948
6384
4438
783
2793
7104
8318
1285
3395
3214
7813
14
2852
6128
7933
8334
3477
6005
1052
6330
5408
2263
2885
1996
5777
2073
3019
9000
8339
3430
8446
6737
5607
6870
2044
1583
2941
5285
1814
6235
6813
4355
808
4811
7503
7111
2165
4981
9855
4897
8436
4829
4427
3535
9476
1365
5318
7937
8572
9642
305
561
2188
6317
3524
9131
4750
9107
854
6883
6214
4126
3412
4198
6816
6343
5147
3958
366
4517
6337
4213
4728
889
6035
813
5710
7612
2964
9555
8488
6483
6177
2075
8909
5856
3923
2251
5525
8796
1598
178
2081
9524
7373
8929
9290
974
7191
5250
4219
4897
9159
9118
5381
7360
1061
8630
1703
6724
3709
6115
3960
8215
7147
8518
7953
9057
6353
152
9769
819
8018
8710
4755
1071
205
6074
3531
4785
2270
3911
303
6964
3293
282
1018
1949
3427
7601
1495
1546
4096
4132
8576
3676
9768
918
517
5604
6136
3556
6414
946
6993
3550
8264
7670
4817
7095
3414
5061
8139
110
9631
1257
2150
7095
9781
9334
7660
7950
8210
9208
7544
1283
6305
4601
9091
4932
440
9218
5315
4450
1530
3919
8199
8084
1745
7163
2093
2470
616
4292
6053
6657
9691
7315
9769
3380
2191
5783
8901
5538
1724
1060
2169
2746
1967
856
4298
7502
7497
8210
6103
3045
4424
9314
5370
5278
8355
7517
9963
9287
6347
6663
7655
6911
8990
5489
5520
5605
8498
6276
5415
385
8831
5106
1106
40
4217
8193
6838
6000
3187
8544
6827
7244
6251
9917
52
7462
6692
503
4973
1328
5577
7048
4360
5171
4092
1243
1299
3596
8532
4121
3598
7696
5910
929
5333
2360
1022
8486
1061
9882
9024
9388
376
4599
1109
2590
7871
8598
4707
7876
6360
1661
3764
2508
9236
9586
9162
1963
1227
3750
4063
3076
5492
1388
4090
7128
8990
416
7638
2478
7355
4835
7331
1173
5151
6781
9650
1641
7286
9063
6122
61
2625
7723
6082
6282
1396
7546
8003
6266
3845
4748
3648
1966
8789
114
6914
1247
7203
2769
7092
5027
7775
9431
4529
6151
8508
6535
5177
4692
851
2918
9346
7332
602
8911
9154
4280
2876
3591
8600
5802
6812
5768
9990
1804
9346
5788
511
2210
6408
4675
3156
2846
4186
4275
6928
1449
2710
7148
2253
1050
8977
7688
8891
3491
7031
6669
5274
4082
8025
9805
161
9563
4105
7197
9787
5407
6190
4613
6255
5247
7170
9414
5831
4752
8889
3657
9019
4626
3369
4413
7801
2575
6186
6634
9286
2056
2634
7077
9140
6425
5384
8719
2657
691
5712
3847
6089
9519
9033
603
5935
9332
9508
2135
9319
4405
7765
9700
4262
1732
399
1087
4710
7048
9879
3528
1497
4939
8682
5936
7081
9205
2077
8713
8863
5782
9830
662
3147
9429
8275
1609
9420
7108
716
6191
2507
5557
5900
9013
8382
7862
1458
3857
7936
4043
1588
9935
1838
3626
6071
6361
8786
3966
691
1912
8900
6696
7566
938
3774
6086
7522
7849
4826
7325
5683
1977
1943
9793
5730
1841
5156
215
7898
2802
3107
3294
740
4978
3392
2861
6893
8862
1533
4894
8664
4591
7273
4858
131
7030
9189
5725
8588
2925
1181
9769
9722
8269
7316
6776
7665
3712
4706
3648
3213
3359
7625
5565
917
7623
9923
6827
8507
3938
6914
314
168
73
2418
8071
8538
3568
1380
1982
9010
7357
3591
2691
3884
6060
9432
6991
3233
9592
4288
8734
3984
779
4274
6017
8612
1448
2296
7830
116
7161
69
6684
492
4129
8736
9819
5797
3168
7950
513
2055
4602
905
2744
2786
4899
694
6989
709
535
1585
2319
3328
7096
7318
82
4494
1922
7387
7475
1831
6768
1410
5085
2932
2879
1140
1073
1618
4648
9475
6115
9232
9584
5884
7408
4931
1729
8082
7133
3254
2829
499
579
6844
589
1106
1827
7162
6178
9508
354
6251
3743
853
220
8171
3195
2092
4603
9603
3737
9356
2344
5298
9715
7865
9929
5532
2226
8629
1839
9545
9649
9439
4575
1061
7743
1179
4826
9412
5291
4312
222
2533
4411
4544
1906
6165
5596
1145
1776
6945
6292
6171
3634
5773
8424
7928
6746
1831
4633
7401
2322
6914
5211
2112
8310
4386
7712
7868
5529
6989
9050
5220
8683
2962
5521
4088
9068
530
9652
6985
1870
6625
4006
8532
9916
6945
1181
6558
7422
925
6104
7974
1842
6980
1417
818
9288
551
9284
2402
9128
9851
3236
2328
6371
2025
1836
8278
6233
5424
1885
1972
3878
2110
2625
2435
3740
8383
4022
3818
7079
84
1534
5415
3442
3786
7006
2237
1567
4556
340
5510
7932
5930
9397
3828
6628
7984
6224
7323
2526
4931
6166
9180
814
4551
2659
1118
9888
7945
4576
2010
1327
9579
4906
1759
199
4432